Audio	Unprocessed Transcript	Unprocessed Transcript.1	Transcript	Prediction	CER scores
/scratch/jliebl/ASR_ComputEL/CV_VC_Data/lg_cv/clips/common_voice_lg_28099760.mp3	oːmwaːnajawabiːdːenɲinaolwokumumːaemːere	omwanajawabidenɲinaolwokumumaemere	omwanajawabidenɲinaolwokumumaemere	omwanajawabideɲinaoɾuokumummemeɾe	0.14705882352941177
/scratch/jliebl/ASR_ComputEL/CV_VC_Data/lg_cv/clips/common_voice_lg_27918038.mp3	omuːntuomugezieraomujiːjabuliɟːoakosaabalalamulwoːkaːno	omuntuomugezieraomujijabuliɟoakosaabalalamulwokano	omuntuomugezieraomujijabuliɟoakosaabalalamulwokano	umuntuwomuɡezeɾomujijabuɾiɡjowakosabalalamuɾuokano	0.26
/scratch/jliebl/ASR_ComputEL/CV_VC_Data/lg_cv/clips/common_voice_lg_28059512.mp3	okunoːɲaobululukuɟːakukomekːerezebwaːmumjeːziesatu	okunoɲaobululukuɟakukomekerezebwamumjeziesatu	okunoɲaobululukuɟakukomekerezebwamumjeziesatu	oknunnoullkujakomɛkeɾezibwamumijezisa	0.37777777777777777
/scratch/jliebl/ASR_ComputEL/CV_VC_Data/lg_cv/clips/common_voice_lg_24912932.mp3	oːnduparakatekubwaːŋgakomucisaːwecagreːnalighta	onduparakatekubwaŋgakomucisawecagrenalighta	onduparakatekubwaŋgakomucisawecagrenalighta	unduparakatekubaŋakumutsawecaɡrinliit	0.27906976744186046
/scratch/jliebl/ASR_ComputEL/CV_VC_Data/lg_cv/clips/common_voice_lg_25796154.mp3	omusologukeːndeːzakumagobagomuːntu	omusologukendezakumagobagomuntu	omusologukendezakumagobagomuntu	omusoloɡukeⁿdezakumaɡobaɡohomunpuo	0.25806451612903225
/scratch/jliebl/ASR_ComputEL/CV_VC_Data/lg_cv/clips/common_voice_lg_27396479.mp3	okuloːndakuɟːakudːibwaːmu	okulondakuɟakudibwamu	okulondakuɟakudibwamu	okulondakuɟakudipwam	0.09523809523809523
/scratch/jliebl/ASR_ComputEL/CV_VC_Data/lg_cv/clips/common_voice_lg_27870278.mp3	oluvanɲumalweːndeːgaejawagːulueːndeːgaejawaːnsitedːirirwaːndeːgajawagːulu	oluvanɲumalwendegaejawaguluendegaejawansitedirirwandegajawagulu	oluvanɲumalwendegaejawaguluendegaejawansitedirirwandegajawagulu	ulvaɲmarieⁿdeɡaejawabulendeɡaejawansteddilieɾwahandeɡajawaɡuɾa	0.3492063492063492
/scratch/jliebl/ASR_ComputEL/CV_VC_Data/lg_cv/clips/common_voice_lg_24725391.mp3	obuːmjuːmbunabobweːtaːɟisaokutwaːlakunːumeokusobolaokufunaoluzaːlooluluːɲɟi	obumjumbunabobwetaɟisaokutwalakunumeokusobolaokufunaoluzalooluluɲɟi	obumjumbunabobwetaɟisaokutwalakunumeokusobolaokufunaoluzalooluluɲɟi	obumjumbunabobwetaɡisukutwalakunumeokusobulopfunuɾuzaluɾuluŋi	0.22388059701492538
/scratch/jliebl/ASR_ComputEL/CV_VC_Data/lg_cv/clips/common_voice_lg_27952598.mp3	baːɲɟibacitwaːlantiabeːrawamabeganɲoeraoluːsiajitibwaːmusilu	baɲɟibacitwalantiaberawamabeganɲoeraolusiajitibwamusilu	baɲɟibacitwalantiaberawamabeganɲoeraolusiajitibwamusilu	baᶮɟbactwaɡanceabedawamabeɡaɲuedolusaitibwamsidu	0.2909090909090909
/scratch/jliebl/ASR_ComputEL/CV_VC_Data/lg_cv/clips/common_voice_lg_28215488.mp3	eːntamuerinaokukuːtibwaːobuluːɲɟi	entamuerinaokukutibwaobuluɲɟi	entamuerinaokukutibwaobuluɲɟi	intamwedinokukuutibobuɾuŋɡi	0.3448275862068966
/scratch/jliebl/ASR_ComputEL/CV_VC_Data/lg_cv/clips/common_voice_lg_28128779.mp3	emisoloɟiweːbwaːgavumeːnti	emisoloɟiwebwagavumenti	emisoloɟiwebwagavumenti	emisoloɟuwewakaformenti	0.2608695652173913
/scratch/jliebl/ASR_ComputEL/CV_VC_Data/lg_cv/clips/common_voice_lg_27828994.mp3	ecifaːnaɲieciragaomukubazanɲibabugaːndalaːndaboardaŋgaajabudːe	ecifanaɲieciragaomukubazanɲibabugandalandaboardaŋgaajabude	ecifanaɲieciragaomukubazanɲibabugandalandaboardaŋgaajabude	ekifananieciɾaɡaomukubazanibabuɡandalandibodiŋajabudide	0.2413793103448276
/scratch/jliebl/ASR_ComputEL/CV_VC_Data/lg_cv/clips/common_voice_lg_24788964.mp3	abakuːŋgubataːndiseokweːɲiɟiramumirimueɟimeɲaamateːkaokusobolaokufunasːeːnte	abakuŋgubatandiseokweɲiɟiramumirimueɟimeɲaamatekaokusobolaokufunasente	abakuŋgubatandiseokweɲiɟiramumirimueɟimeɲaamatekaokusobolaokufunasente	abahuᵐbbatamisokoeɲiɡramonjudimiɡimiɲamadepoksohorokfonason	0.45714285714285713
/scratch/jliebl/ASR_ComputEL/CV_VC_Data/lg_cv/clips/common_voice_lg_27157096.mp3	ebitoːŋgolebjedːinibiwadːeabaːntuobukodjoːbwokweːkuːmaeriakawuka	ebitoŋgolebjedinibiwadeabantuobukodjobwokwekumaeriakawuka	ebitoŋgolebjedinibiwadeabantuobukodjobwokwekumaeriakawuka	ebitoᵑɡojabiedinbiwadabaantwabukodɟoboekwekumaediakauoka	0.2807017543859649
/scratch/jliebl/ASR_ComputEL/CV_VC_Data/lg_cv/clips/common_voice_lg_28190578.mp3	akuːmaebiwaːndikoebikwaːtakumigaboeɟibaɟiraːɲɟidːwaː	akumaebiwandikoebikwatakumigaboeɟibaɟiraɲɟidwa	akumaebiwandikoebikwatakumigaboeɟibaɟiraɲɟidwa	akomebwandikajbikwatakumiɡaboeɟbaɟiɾaŋɡida	0.2391304347826087
/scratch/jliebl/ASR_ComputEL/CV_VC_Data/lg_cv/clips/common_voice_lg_27848552.mp3	jaziːmbjeːkːalinaenːuːɲɟi	jazimbjekalinaenuɲɟi	jazimbjekalinaenuɲɟi	jazimijekaɾunainnoᶮɟi	0.35
/scratch/jliebl/ASR_ComputEL/CV_VC_Data/lg_cv/clips/common_voice_lg_28143940.mp3	abasomesabaːkubirizidːwaːokusomesaabajizibulilunakuobutajosa	abasomesabakubirizidwaokusomesaabajizibulilunakuobutajosa	abasomesabakubirizidwaokusomesaabajizibulilunakuobutajosa	abasomisabakubeɾizidaoksumisabajizibuɾiɾunakuobutajusa	0.19298245614035087
/scratch/jliebl/ASR_ComputEL/CV_VC_Data/lg_cv/clips/common_voice_lg_28147366.mp3	waliwoobwaːnaobusaɲusaokulabaŋgabucalibuwere	waliwoobwanaobusaɲusaokulabaŋgabucalibuwere	waliwoobwanaobusaɲusaokulabaŋgabucalibuwere	adiwowanobuseɲusaokuɾabaᵑɡabkjadibuwɾe	0.32558139534883723
/scratch/jliebl/ASR_ComputEL/CV_VC_Data/lg_cv/clips/common_voice_lg_28237809.mp3	muciseːracinokatikcirosːeːmwoːgererejacusagalubiːndizeezaːlikumaːsonasːaːkoezaːlieːnzirugavuenɲo	muciseracinokatikcirosemwogererejacusagalubindizeezalikumasonasakoezalienzirugavuenɲo	muciseracinokatikcirosemwogererejacusagalubindizeezalikumasonasakoezalienzirugavuenɲo	mukiseɾakinokatikiɾosemoɡɾeɾijakjusaɡaɾubendizezaɾikumacunasakoezaɾienɟɾuɡawiɲo	0.3411764705882353
/scratch/jliebl/ASR_ComputEL/CV_VC_Data/lg_cv/clips/common_voice_lg_28188642.mp3	ebiːntubjeːtaːɟibwaːokusoboraokudːuːciriraakatjaːbaga	ebintubjetaɟibwaokusoboraokuduciriraakatjabaga	ebintubjetaɟibwaokusoboraokuduciriraakatjabaga	ebiintubjetaɡibwaokusobonokuɾdokiɾiɾakatihabaɡa	0.2826086956521739
/scratch/jliebl/ASR_ComputEL/CV_VC_Data/lg_cv/clips/common_voice_lg_27426835.mp3	ceːŋkanakatibuliomualinaesːimuejokuseːreza	ceŋkanakatibuliomualinaesimuejokusereza	ceŋkanakatibuliomualinaesimuejokusereza	kendikanakatuɾijoŋwaimesigwelobuseeza	0.46153846153846156
/scratch/jliebl/ASR_ComputEL/CV_VC_Data/lg_cv/clips/common_voice_lg_28112229.mp3	bazːukulubebasaːɲɟibwaːmundajomulaːɲɟiramulageowomutubagwenːawaːɲɟiri	bazukulubebasaɲɟibwamundajomulaɲɟiramulageowomutubagwenawaɲɟiri	bazukulubebasaɲɟibwamundajomulaɲɟiramulageowomutubagwenawaɲɟiri	bazuklubebasaᵑɡiwamundajomulaᵑɡiɾamulaɡewomtaɡwennawaᶮɟiti	0.25396825396825395
/scratch/jliebl/ASR_ComputEL/CV_VC_Data/lg_cv/clips/common_voice_lg_28158427.mp3	sːeːntebewecalojatuːndaetːakaerjoːmubumeɲibwamateːka	sentebewecalojatundaetakaerjomubumeɲibwamateka	sentebewecalojatundaetakaerjomubumeɲibwamateka	sentebewelcalojatunditakejomumiɲbwamatika	0.21739130434782608
/scratch/jliebl/ASR_ComputEL/CV_VC_Data/lg_cv/clips/common_voice_lg_27899291.mp3	siːnziːriraemitalanaːŋgensiːnziːrireemitalatuleːŋgereomulaːlomunteze	sinziriraemitalanaŋgensinzirireemitalatuleŋgereomulalomunteze	sinziriraemitalanaŋgensinzirireemitalatuleŋgereomulalomunteze	sinzididemicalanaŋgensinziidemitalatuleŋgedomulialomuntezi	0.18032786885245902
/scratch/jliebl/ASR_ComputEL/CV_VC_Data/lg_cv/clips/common_voice_lg_23909997.mp3	ɲcegeːnderezːanɲontiomuːntuoːmwaːvuasiːŋgakubeːranamikwaːnomjaːvu	ɲcegenderezanɲontiomuntuomwavuasiŋgakuberanamikwanomjavu	ɲcegenderezanɲontiomuntuomwavuasiŋgakuberanamikwanomjavu	nceɡeⁿderezaɲontiwamuntomwavasiŋɡakubedanamikwanumijav	0.23214285714285715
/scratch/jliebl/ASR_ComputEL/CV_VC_Data/lg_cv/clips/common_voice_lg_27693748.mp3	gumakubaːŋgakatiosiːŋgabaːɲɟiabataːjaːja	gumakubaŋgakatiosiŋgabaɲɟiabatajaja	gumakubaŋgakatiosiŋgabaɲɟiabatajaja	ɡumakubakatijosiŋgabandiabatajaja	0.2
/scratch/jliebl/ASR_ComputEL/CV_VC_Data/lg_cv/clips/common_voice_lg_27785845.mp3	olubasiljeɟːiːɲɟaerisusːeobunene	olubasiljeɟiɲɟaerisuseobunene	olubasiljeɟiɲɟaerisuseobunene	olubasilieɡiŋɟeɾisusobnini	0.3103448275862069
/scratch/jliebl/ASR_ComputEL/CV_VC_Data/lg_cv/clips/common_voice_lg_28170233.mp3	jeːwaːjokupoliːsienːakubːirioluvanɲumalwokukoːnaomukazi	jewajokupolisienakubirioluvanɲumalwokukonaomukazi	jewajokupolisienakubirioluvanɲumalwokukonaomukazi	jewajokupolisenakobiliolvaɲmawehukonomukazi	0.20408163265306123
/scratch/jliebl/ASR_ComputEL/CV_VC_Data/lg_cv/clips/common_voice_lg_24506677.mp3	obudːebutuːsetwaːwuleomusaɟːakumuleːnzi	obudebutusetwawuleomusaɟakumulenzi	obudebutusetwawuleomusaɟakumulenzi	ɑbudevutusekvudumsajakumuɾenzi	0.35294117647058826
/scratch/jliebl/ASR_ComputEL/CV_VC_Data/lg_cv/clips/common_voice_lg_27361675.mp3	minisitajategeːzezːantipulezideːntieːnsoːŋgaazikozeːko	minisitajategezezantipulezidentiensoŋgaazikozeko	minisitajategezezantipulezidentiensoŋgaazikozeko	minɪsteerteɡesesentiplesdentesoᵑazkoseku	0.4166666666666667
/scratch/jliebl/ASR_ComputEL/CV_VC_Data/lg_cv/clips/common_voice_lg_27959062.mp3	okugːwaːmuamaːɲicikosaobulamubwoːbwoːnːakubaːŋgatobamusaɲufu	okugwamuamaɲicikosaobulamubwobwonakubaŋgatobamusaɲufu	okugwamuamaɲicikosaobulamubwobwonakubaŋgatobamusaɲufu	okuɡwamuamaɲcikosoblamubobonnakubaŋatobamusaɲufu	0.1509433962264151
/scratch/jliebl/ASR_ComputEL/CV_VC_Data/lg_cv/clips/common_voice_lg_28199417.mp3	ecoecituːndunacocagːwaːkatiateɲɟagalatulabeecituːnduecirala	ecoecitundunacocagwakatiateɲɟagalatulabeecitunduecirala	ecoecitundunacocagwakatiateɲɟagalatulabeecitunduecirala	eciectwendunacocaɡakatiᶮɟaɡalatulawectuᵑɡicidara	0.36363636363636365
/scratch/jliebl/ASR_ComputEL/CV_VC_Data/lg_cv/clips/common_voice_lg_24793938.mp3	ebitoːŋgoleebitalibjaːgavumeːntibikolaomulimumunenemukutuːsakoabaːntuebiːntuebibajaːmbiraawamu	ebitoŋgoleebitalibjagavumentibikolaomulimumunenemukutusakoabantuebintuebibajambiraawamu	ebitoŋgoleebitalibjagavumentibikolaomulimumunenemukutusakoabantuebintuebibajambiraawamu	eɾitaŋɡoɾebitaɾijaɡafmentilikodewamuɾimumunenemokutusakaabantunebinkrɾebibajambiɾawama	0.28735632183908044
/scratch/jliebl/ASR_ComputEL/CV_VC_Data/lg_cv/clips/common_voice_lg_27832892.mp3	omukuleːmbezeomugɟajejoːŋgedːeokusuːbizaobuwaːŋguzimubjoːmwoːjoebjeːmbeːranebjeːmfuna	omukulembezeomugɟajejoŋgedeokusubizaobuwaŋguzimubjomwojoebjemberanebjemfuna	omukulembezeomugɟajejoŋgedeokusubizaobuwaŋguzimubjomwojoebjemberanebjemfuna	omukulembezomuɟajajoᵑŋɡedokusubizwabiwaŋuzimobjomojoebiembeɾanebiemfuna	0.2
/scratch/jliebl/ASR_ComputEL/CV_VC_Data/lg_cv/clips/common_voice_lg_27840716.mp3	mumbeːraenoɟetulimuomuliokusoːmoːzebwaːnokumiribwaːkwamawaːŋga	mumberaenoɟetulimuomuliokusomozebwanokumiribwakwamawaŋga	mumberaenoɟetulimuomuliokusomozebwanokumiribwakwamawaŋga	muᵐbeɾenoɡituɾimunummuɾioɡsomozebanokumwiɾibwakwamawaᵑa	0.30357142857142855
/scratch/jliebl/ASR_ComputEL/CV_VC_Data/lg_cv/clips/common_voice_lg_27849291.mp3	fːebweːtwaːgeːndaːŋgaewaɟːaɟatetwaːlimaːŋgakutuːsamukalasamajaːnzi	febwetwagendaŋgaewaɟaɟatetwalimaŋgakutusamukalasamajanzi	febwetwagendaŋgaewaɟaɟatetwalimaŋgakutusamukalasamajanzi	upfiɡetwaɡinaŋeweɡejaticwaɾimaŋakutuɾusamokaɾasamajanzi	0.39285714285714285
/scratch/jliebl/ASR_ComputEL/CV_VC_Data/lg_cv/clips/common_voice_lg_28023565.mp3	abajizibateːkwaːokweːɲiɟiramumirimuɟesːomeroɟonːanokukolaobuluːɲɟi	abajizibatekwaokweɲiɟiramumirimuɟesomeroɟonanokukolaobuluɲɟi	abajizibatekwaokweɲiɟiramumirimuɟesomeroɟonanokukolaobuluɲɟi	abahizibatekwaooɡoeɲiɡiɾamumiɾimuɡesomeɾoɡiodnanonɡukoɾaobuɾuŋɟiɡ	0.3
/scratch/jliebl/ASR_ComputEL/CV_VC_Data/lg_cv/clips/common_voice_lg_28100999.mp3	waluljaːtabadːemubinajenejeːgabirakumːere	waluljatabademubinajenejegabirakumere	waluljatabademubinajenejegabirakumere	walujatabademubinajenejeɡabiɾakumele	0.10810810810810811
/scratch/jliebl/ASR_ComputEL/CV_VC_Data/lg_cv/clips/common_voice_lg_27792261.mp3	agasiːŋgategagobereranteːkateːkaeno	agasiŋgategagobererantekatekaeno	agasiŋgategagobererantekatekaeno	aɡasiᵑɡatiɡaɡoberedanteekatiekeno	0.3125
/scratch/jliebl/ASR_ComputEL/CV_VC_Data/lg_cv/clips/common_voice_lg_24814851.mp3	abaːntutebacasobolakweːwolamubaːŋkamubiseːraebjaːsːekukːulubino	abantutebacasobolakwewolamubaŋkamubiseraebjasekukulubino	abantutebacasobolakwewolamubaŋkamubiseraebjasekukulubino	abanttebacasobolakwewolamubaŋkamubisedaebjasekokulubino	0.05357142857142857
/scratch/jliebl/ASR_ComputEL/CV_VC_Data/lg_cv/clips/common_voice_lg_28188461.mp3	abaːnaboːnoːnekedːekumjaːkaemito	abanabononekedekumjakaemito	abanabononekedekumjakaemito	jamanabononidikmjakaebitur	0.37037037037037035
/scratch/jliebl/ASR_ComputEL/CV_VC_Data/lg_cv/clips/common_voice_lg_27858478.mp3	wabadːeosomakatabociegːulo	wabadeosomakatabociegulo	wabadeosomakatabociegulo	wabadeusomakatabotijubwuɾo	0.2916666666666667
/scratch/jliebl/ASR_ComputEL/CV_VC_Data/lg_cv/clips/common_voice_lg_24823409.mp3	abakozibasːeteːndekerobakugu	abakozibasetendekerobakugu	abakozibasetendekerobakugu	abakozibasetendekeɾobakoɡu	0.11538461538461539
/scratch/jliebl/ASR_ComputEL/CV_VC_Data/lg_cv/clips/common_voice_lg_24725376.mp3	mwoːgereobaterikugeːndamucibiːnanacoɲcitegeːre	mwogereobaterikugendamucibinanacoɲcitegere	mwogereobaterikugendamucibinanacoɲcitegere	moɡeɾeobateɾikuɡendamcibinanacoᶮɟteɡeɾi	0.2857142857142857
/scratch/jliebl/ASR_ComputEL/CV_VC_Data/lg_cv/clips/common_voice_lg_24791325.mp3	eːmpeːndaezeːɲɟawulozitemedːwaːokutuːmbulaebjoːbulimi	empendaezeɲɟawulozitemedwaokutumbulaebjobulimi	empendaezeɲɟawulozitemedwaokutumbulaebjobulimi	enpendisenɟaulositemedduoktumbulevjobudimi	0.2826086956521739
/scratch/jliebl/ASR_ComputEL/CV_VC_Data/lg_cv/clips/common_voice_lg_25467293.mp3	emikoloŋgaeːmbaganokuziːkateɟiɟːakukomaŋgaabaːntubacalibalamu	emikoloŋgaembaganokuzikateɟiɟakukomaŋgaabantubacalibalamu	emikoloŋgaembaganokuzikateɟiɟakukomaŋgaabantubacalibalamu	imikoloᵑɡeᵐbaɡaneokuzikatecijakokuomaŋaabantbacjadibaɾamo	0.2982456140350877
/scratch/jliebl/ASR_ComputEL/CV_VC_Data/lg_cv/clips/common_voice_lg_27973567.mp3	onoabadːejeːtabjeːmubikuɟːukobjokukuzaameːfugagaugaːndaagaataːnomwomunaːna	onoabadejetabjemubikuɟukobjokukuzaamefugagaugandaagaatanomwomunana	onoabadejetabjemubikuɟukobjokukuzaamefugagaugandaagaatanomwomunana	onuabadbejetaɡiemubikwuɡɟukoijokukuzamefuɡaɡajuɡandabaɡaraɾanumumunihana	0.3181818181818182
/scratch/jliebl/ASR_ComputEL/CV_VC_Data/lg_cv/clips/common_voice_lg_27974462.mp3	akaciːkokebjoːkuloːndakacimaɲibuluːɲɟintitulimukalulutetulinabudːebukasisiːŋkana	akacikokebjokulondakacimaɲibuluɲɟintitulimukalulutetulinabudebukasisiŋkana	akacikokebjokulondakacimaɲibuluɲɟintitulimukalulutetulinabudebukasisiŋkana	akacikokwebjokuluⁿdakacemaɲibuluᶮɡitutudimokalurutetudineabudebukasisikana	0.1891891891891892
/scratch/jliebl/ASR_ComputEL/CV_VC_Data/lg_cv/clips/common_voice_lg_24427085.mp3	omusotagulinaobusagwaː	omusotagulinaobusagwa	omusotagulinaobusagwa	omsotaɡurinaobusaɡwa	0.19047619047619047
/scratch/jliebl/ASR_ComputEL/CV_VC_Data/lg_cv/clips/common_voice_lg_27415885.mp3	eːŋgalozikwaːtakwaːtakubiːntuebijiːnzaokubaːkoakawuka	eŋgalozikwatakwatakubintuebijinzaokubakoakawuka	eŋgalozikwatakwatakubintuebijinzaokubakoakawuka	eŋgalozikwatakwatakobintwɛpjinzokubakakauka	0.1702127659574468
/scratch/jliebl/ASR_ComputEL/CV_VC_Data/lg_cv/clips/common_voice_lg_28139867.mp3	jamukuːtiraobutabaːkogwabuːlirakunsoːŋgaejo	jamukutiraobutabakogwabulirakunsoŋgaejo	jamukutiraobutabakogwabulirakunsoŋgaejo	jamukuutiɾakobutabakoɡwabuɾiɾakunsoŋɡejo	0.20512820512820512
/scratch/jliebl/ASR_ComputEL/CV_VC_Data/lg_cv/clips/common_voice_lg_28220717.mp3	omusologweːŋkanagutjaːogusuːbirwaːokukuːŋgaːɲizibwaːmumwaːkagwebjeːmfunaguno	omusologweŋkanagutjaogusubirwaokukuŋgaɲizibwamumwakagwebjemfunaguno	omusologweŋkanagutjaogusubirwaokukuŋgaɲizibwamumwakagwebjemfunaguno	umsoloɡwenkanaɡutejaoɡusubiɾwaokokuᵑɡaɲiziwamumwakaɡwebjenfunaɡuno	0.22388059701492538
/scratch/jliebl/ASR_ComputEL/CV_VC_Data/lg_cv/clips/common_voice_lg_24426793.mp3	akabeːɲɟeakagudːewalikavudːekumuvuziwamːotokakusumaɟira	akabeɲɟeakagudewalikavudekumuvuziwamotokakusumaɟira	akabeɲɟeakagudewalikavudekumuvuziwamotokakusumaɟira	akabeɲɟakaɡudowaɾikavudekumuvuziwamotokakosomaɡiɾa	0.1568627450980392
/scratch/jliebl/ASR_ComputEL/CV_VC_Data/lg_cv/clips/common_voice_lg_28046211.mp3	waliwoebigaːmboebjeːtaːgaokunɲonɲolamululimi	waliwoebigamboebjetagaokunɲonɲolamululimi	waliwoebigamboebjetagaokunɲonɲolamululimi	wadiwebiɡaᵐbebijetaɡokunɲoɲolamolulimi	0.24390243902439024
/scratch/jliebl/ASR_ComputEL/CV_VC_Data/lg_cv/clips/common_voice_lg_28154844.mp3	erajagaːmbaːŋgaoːmwaːnaadːirirantindimukadːeecimalaokuljaːenɲama	erajagambaŋgaomwanaadirirantindimukadeecimalaokuljaenɲama	erajagambaŋgaomwanaadirirantindimukadeecimalaokuljaenɲama	eɾajaɡaᵐbaŋomanadiɾiɾaantinemokadecemaɾokuɾiuɲɲamao	0.40350877192982454
/scratch/jliebl/ASR_ComputEL/CV_VC_Data/lg_cv/clips/common_voice_lg_28226941.mp3	okunoːɲerezakunokwaːlikwaːmpeːndanɲiːɲɟi	okunoɲerezakunokwalikwampendanɲiɲɟi	okunoɲerezakunokwalikwampendanɲiɲɟi	oɡunoɲuɾezakunokuhalikowampeiⁿdaɲniŋɡi	0.34285714285714286
/scratch/jliebl/ASR_ComputEL/CV_VC_Data/lg_cv/clips/common_voice_lg_28101126.mp3	bweːjacebikamumaːsonawulirabuluːɲɟiokumalaakaseːra	bwejacebikamumasonawulirabuluɲɟiokumalaakasera	bwejacebikamumasonawulirabuluɲɟiokumalaakasera	mbojacjabikamumasunauɾiɾaɡunzeokmaɡaakaseɾa	0.391304347826087
/scratch/jliebl/ASR_ComputEL/CV_VC_Data/lg_cv/clips/common_voice_lg_24323794.mp3	ecasiːŋgaokunːeːwuɲisantijeːteːkamusːeːntezelwaːlulimi	ecasiŋgaokunewuɲisantijetekamusentezelwalulimi	ecasiŋgaokunewuɲisantijetekamusentezelwalulimi	ekjasiᵑɡoɡuneuɲisantijetekamosentezirwarolimi	0.2608695652173913
/scratch/jliebl/ASR_ComputEL/CV_VC_Data/lg_cv/clips/common_voice_lg_28115658.mp3	babanemicisamiːɲɟiokubeːramusːomerowamunokubaabawaːŋguzimuebjoːbikolebwaːmusːomero	babanemicisamiɲɟiokuberamusomerowamunokubaabawaŋguzimuebjobikolebwamusomero	babanemicisamiɲɟiokuberamusomerowamunokubaabawaŋguzimuebjobikolebwamusomero	babanimikisamiŋɟiokweɾamimatsomeɾowamunokubabawaŋuzimwejovubikoɾewamsomeɾo	0.28
/scratch/jliebl/ASR_ComputEL/CV_VC_Data/lg_cv/clips/common_voice_lg_27830577.mp3	mazimadːalawaliwoebiːntuebimubjeːtugajaːliriraoluːsiatenebituswaːza	mazimadalawaliwoebintuebimubjetugajaliriraolusiatenebituswaza	mazimadalawaliwoebintuebimubjetugajaliriraolusiatenebituswaza	mazimadarawalwebintwebimujetuɡajaɾiɡihelusinatenebituswaza	0.19672131147540983
/scratch/jliebl/ASR_ComputEL/CV_VC_Data/lg_cv/clips/common_voice_lg_28194105.mp3	ebiremesaeːmpuliziganɲa	ebiremesaempuliziganɲa	ebiremesaempuliziganɲa	jibiɾenesaenpuliziɡaɲa	0.3181818181818182
/scratch/jliebl/ASR_ComputEL/CV_VC_Data/lg_cv/clips/common_voice_lg_24456529.mp3	buliomuasaːɲeasiːbeeciːntucasiːŋgaokwaːgalaateŋgaasobolaokucetuːsaːko	buliomuasaɲeasibeecintucasiŋgaokwagalaateŋgaasobolaokucetusako	buliomuasaɲeasibeecintucasiŋgaokwagalaateŋgaasobolaokucetusako	buɾimunduasaɲiasibeɡintucjasiᵑaowaɡaɾaateᵑaasobuɾuɡukedusako	0.3709677419354839
/scratch/jliebl/ASR_ComputEL/CV_VC_Data/lg_cv/clips/common_voice_lg_27871121.mp3	katugaːmbentialikumuːnweːgwaːkasoːliavuɲuːlanomusabanakumːa	katugambentialikumunwegwakasoliavuɲulanomusabanakuma	katugambentialikumunwegwakasoliavuɲulanomusabanakuma	katuɡajembencejadikumunizwafkasoɡiavundanomusabanaokua	0.3269230769230769
/scratch/jliebl/ASR_ComputEL/CV_VC_Data/lg_cv/clips/common_voice_lg_28203880.mp3	omulalaejafiːrwaːobulamujeɟohnaameraŋgalinaabaːnababiri	omulalaejafirwaobulamujeɟohnaameraŋgalinaabanababiri	omulalaejafirwaobulamujeɟohnaameraŋgalinaabanababiri	umlɑriɑfyrubulemijoniamelɑŋkalinabɑnababidi	0.46153846153846156
/scratch/jliebl/ASR_ComputEL/CV_VC_Data/lg_cv/clips/common_voice_lg_27950455.mp3	olwaːliokweːsiːmbamudːuːkabwatiabaːntubonːanebagamusiːmba	olwaliokwesimbamudukabwatiabantubonanebagamusimba	olwaliokwesimbamudukabwatiabantubonanebagamusimba	biɾajokwesimamudukawaɟabantubonnanebaɡansimba	0.2653061224489796
/scratch/jliebl/ASR_ComputEL/CV_VC_Data/lg_cv/clips/common_voice_lg_28144211.mp3	bweːwatusaːŋgaːŋgaŋgatuɲuːmjaːneɟːaɟːaŋgojiːnzaokulowoːzantindimukulumunːe	bwewatusaŋgaŋgaŋgatuɲumjaneɟaɟaŋgojinzaokulowozantindimukulumune	bwewatusaŋgaŋgaŋgatuɲumjaneɟaɟaŋgojinzaokulowozantindimukulumune	bowatusaŋaᵑŋaᵑɡatuɲumjanejaɡaŋoizokloozantindimukuɾumunne	0.265625
/scratch/jliebl/ASR_ComputEL/CV_VC_Data/lg_cv/clips/common_voice_lg_28090804.mp3	weːgeːnderezeokulabaŋgesːowaːniezotozaːsa	wegenderezeokulabaŋgesowaniezotozasa	wegenderezeokulabaŋgesowaniezotozasa	ujaɡendeɾezokuɾabaŋesomwaniezotozasa	0.25
/scratch/jliebl/ASR_ComputEL/CV_VC_Data/lg_cv/clips/common_voice_lg_24495125.mp3	tosobolakudːamukulowoːzantiabaːntubanobeːsigwaː	tosobolakudamukulowozantiabantubanobesigwa	tosobolakudamukulowozantiabantubanobesigwa	tosoboɾakudamkulowuozantimabantubanobesiɡwa	0.11904761904761904
/scratch/jliebl/ASR_ComputEL/CV_VC_Data/lg_cv/clips/common_voice_lg_24547663.mp3	ebiseːraebjaːsoːkaabajizibaːlitebaːgalakusomalulimilugaːnda	ebiseraebjasokaabajizibalitebagalakusomalulimiluganda	ebiseraebjasokaabajizibalitebagalakusomalulimiluganda	ebiseɾeebjasokabaizibaɾitebaɡaɾakusomabuɾimiɾuɡanda	0.20754716981132076
/scratch/jliebl/ASR_ComputEL/CV_VC_Data/lg_cv/clips/common_voice_lg_24798952.mp3	mumbeːraciomuːntumwaːsoboleraokweːjimirirwaːokuvakupoliːsi	mumberaciomuntumwasoboleraokwejimirirwaokuvakupolisi	mumberaciomuntumwasoboleraokwejimirirwaokuvakupolisi	mumberaciomuntomasoboleɾokwejimiriruokovakopolis	0.17307692307692307
/scratch/jliebl/ASR_ComputEL/CV_VC_Data/lg_cv/clips/common_voice_lg_28168540.mp3	ebjoːebjaːzuːlibwaːmukunoːɲerezamumasomeroageːɲɟawulo	ebjoebjazulibwamukunoɲerezamumasomeroageɲɟawulo	ebjoebjazulibwamukunoɲerezamumasomeroageɲɟawulo	ebioebjazuliwamokunoɲaɾizamasamiraɡenɟaulu	0.3191489361702128
/scratch/jliebl/ASR_ComputEL/CV_VC_Data/lg_cv/clips/common_voice_lg_27981190.mp3	ateakatuːnduakajitibwaːakaneneroakokekaliwa	ateakatunduakajitibwaakaneneroakokekaliwa	ateakatunduakajitibwaakaneneroakokekaliwa	atiakatuⁿduakaitiwaakanneɾukokikaɾiwa	0.24390243902439024
/scratch/jliebl/ASR_ComputEL/CV_VC_Data/lg_cv/clips/common_voice_lg_28123323.mp3	majaːɲɟabaːmutuːlidːekucisaːboeraɟebakcidːeŋgakubidːwaːladːu	majaɲɟabamutulidekucisaboeraɟebakcideŋgakubidwaladu	majaɲɟabamutulidekucisaboeraɟebakcideŋgakubidwaladu	majaᶮɟabmamutuɾidokocisavoeɾaɡebijakiddeᵑɡakdwaladu	0.3333333333333333
/scratch/jliebl/ASR_ComputEL/CV_VC_Data/lg_cv/clips/common_voice_lg_27392536.mp3	eːŋkozesajemitiːmbaganoejawaːnsibweːbuɟulizibwokulemesaobuwaːŋguzibwaːjo	eŋkozesajemitimbaganoejawansibwebuɟulizibwokulemesaobuwaŋguzibwajo	eŋkozesajemitimbaganoejawansibwebuɟulizibwokulemesaobuwaŋguzibwajo	eŋkozesajemitkiᵐbaɡanoejawasiwewuɟulisibuokulemesaowaᵑɡwezihwajo	0.22727272727272727
/scratch/jliebl/ASR_ComputEL/CV_VC_Data/lg_cv/clips/common_voice_lg_28196069.mp3	jaliacirakoonoagaːmbantisicisobola	jaliacirakoonoagambantisicisobola	jaliacirakoonoagambantisicisobola	jɑriɑkidakunaɡamantisiksobulɑ	0.42424242424242425
/scratch/jliebl/ASR_ComputEL/CV_VC_Data/lg_cv/clips/common_voice_lg_28184157.mp3	baːsabaomulamuziokubaoːmweːŋkaɲa	basabaomulamuziokubaomweŋkaɲa	basabaomulamuziokubaomweŋkaɲa	basabɔmulamuzokubaumweŋkanɲa	0.1724137931034483
/scratch/jliebl/ASR_ComputEL/CV_VC_Data/lg_cv/clips/common_voice_lg_28242938.mp3	waliwoeːŋkwaːtaganaenːuːɲɟiwakatiwegːwaːŋgaljaːfːenebaliraːnwaːbaːljoː	waliwoeŋkwataganaenuɲɟiwakatiwegwaŋgaljafenebaliranwabaljo	waliwoeŋkwataganaenuɲɟiwakatiwegwaŋgaljafenebaliranwabaljo	waɾiwoeᵑkwataɡanenuŋɡiwakatiweɡwaᵑaɡɟafionebaɾiɾanwabajo	0.27586206896551724
/scratch/jliebl/ASR_ComputEL/CV_VC_Data/lg_cv/clips/common_voice_lg_28212136.mp3	muciseːracinoeːmbeːrajetetiːsaoluvanɲumalwokukubwaːamasasiabirimumukono	muciseracinoemberajetetisaoluvanɲumalwokukubwaamasasiabirimumukono	muciseracinoemberajetetisaoluvanɲumalwokukubwaamasasiabirimumukono	muciseɾacinoembeɾajeɟotisaoluvaɲimaɾokukubamasaseabiɾimokono	0.22727272727272727
/scratch/jliebl/ASR_ComputEL/CV_VC_Data/lg_cv/clips/common_voice_lg_28037923.mp3	kːoːtijagobjeːomusaːŋgoogwaːgːudːwaːkumuːntuwaːŋge	kotijagobjeomusaŋgoogwagudwakumuntuwaŋge	kotijagobjeomusaŋgoogwagudwakumuntuwaŋge	kotjaɡobjomusaᵑɡoɡwaɡuddokomuntuwoaᵑɡe	0.35
/scratch/jliebl/ASR_ComputEL/CV_VC_Data/lg_cv/clips/common_voice_lg_28231393.mp3	ebjeːtaːgoebimutebirinakutuːcirizibwaː	ebjetagoebimutebirinakutucirizibwa	ebjetagoebimutebirinakutucirizibwa	ebietaɡebimutebiɾinakutukiɾizibwa	0.17647058823529413
/scratch/jliebl/ASR_ComputEL/CV_VC_Data/lg_cv/clips/common_voice_lg_27736731.mp3	tusuːbiraokubaŋgacivudːekubajiziabaːkavakusːomeroŋgakatibasiːgabazadːebaːbweː	tusubiraokubaŋgacivudekubajiziabakavakusomeroŋgakatibasigabazadebabwe	tusubiraokubaŋgacivudekubajiziabakavakusomeroŋgakatibasigabazadebabwe	tusubiɾokbaŋgacivudekubaizabakavakusomeɾoŋakatibasiɡabazadebabwe	0.11594202898550725
/scratch/jliebl/ASR_ComputEL/CV_VC_Data/lg_cv/clips/common_voice_lg_27442743.mp3	abaːntubaːɲɟibajitamumiteːnderaeɟeːɲɟawulookufuːkaabakoziabaluːɲɟi	abantubaɲɟibajitamumitenderaeɟeɲɟawulookufukaabakoziabaluɲɟi	abantubaɲɟibajitamumitenderaeɟeɲɟawulookufukaabakoziabaluɲɟi	abantubaŋɟebajitamuɡnitendeɾaeɡienɟaurookofukabakoziabaɾunɟi	0.23333333333333334
/scratch/jliebl/ASR_ComputEL/CV_VC_Data/lg_cv/clips/common_voice_lg_28148498.mp3	gavumeːntieɟːakwoːŋgeraeːnsiːmbimubibiːnabinomumwaːkagwebjeːnsiːmbioguɟːa	gavumentieɟakwoŋgeraensimbimubibinabinomumwakagwebjensimbioguɟa	gavumentieɟakwoŋgeraensimbimubibinabinomumwakagwebjensimbioguɟa	ɡabumenteɟakwoŋilensimbiumubibinabinomumakoɡwɛbijensimbjoɡuɡia	0.2698412698412698
/scratch/jliebl/ASR_ComputEL/CV_VC_Data/lg_cv/clips/common_voice_lg_24919565.mp3	ebifoebiɟːaːɲɟabirwaːmubirinaokunoːɲaeːŋgerieːndalaeːntuːfuezokukeberaomusaːji	ebifoebiɟaɲɟabirwamubirinaokunoɲaeŋgeriendalaentufuezokukeberaomusaji	ebifoebiɟaɲɟabirwamubirinaokunoɲaeŋgeriendalaentufuezokukeberaomusaji	ebifebiɟenɟebiɾamubiɾinokunonjeŋeliendalaentufuezokokebedomsaje	0.2463768115942029
/scratch/jliebl/ASR_ComputEL/CV_VC_Data/lg_cv/clips/common_voice_lg_27648063.mp3	lubaːmbulalinɲaljaːmuːntunajeatebweːcibacimeragubamululuza	lubambulalinɲaljamuntunajeatebwecibacimeragubamululuza	lubambulalinɲaljamuntunajeatebwecibacimeragubamululuza	dubaᵐblaɾiɲaɾiammuntuneadewucbecmeɾaɡamaruja	0.46296296296296297
/scratch/jliebl/ASR_ComputEL/CV_VC_Data/lg_cv/clips/common_voice_lg_24788470.mp3	abaːntubabuliɟːobajiːɲɟizibwaːmumaɟe	abantubabuliɟobajiɲɟizibwamumaɟe	abantubabuliɟobajiɲɟizibwamumaɟe	abantubabuɾiɡjobajeŋiziwamumaɡe	0.25
/scratch/jliebl/ASR_ComputEL/CV_VC_Data/lg_cv/clips/common_voice_lg_28234173.mp3	okujitaebibuːzoolinakusomanakunoːɲerezanɲo	okujitaebibuzoolinakusomanakunoɲerezanɲo	okujitaebibuzoolinakusomanakunoɲerezanɲo	okwitebibuzodinakusomanakunoɲeɾezaɲo	0.175
/scratch/jliebl/ASR_ComputEL/CV_VC_Data/lg_cv/clips/common_voice_lg_28145751.mp3	onojejasiciracitaːweomutociːmbugweːkunːamuloːndo	onojejasiciracitaweomutocimbugwekunamulondo	onojejasiciracitaweomutocimbugwekunamulondo	onojejasikilaectaweomutociᵐbuɡwekunnamuloⁿdo	0.18604651162790697
/scratch/jliebl/ASR_ComputEL/CV_VC_Data/lg_cv/clips/common_voice_lg_28091948.mp3	leːrokatutunuːlireebikolwaː	lerokatutunulireebikolwa	lerokatutunulireebikolwa	menokatutunedideebikoⁿdwa	0.2916666666666667
/scratch/jliebl/ASR_ComputEL/CV_VC_Data/lg_cv/clips/common_voice_lg_28067307.mp3	tericisiːŋgakweːralariːcirizaŋgakutonɲezadːagalamumaːso	tericisiŋgakweralaricirizaŋgakutonɲezadagalamumaso	tericisiŋgakweralaricirizaŋgakutonɲezadagalamumaso	teɾekisiŋakweɾaɾijikiɾizaŋakutoɲezadaɡaɾamuɾisu	0.34
/scratch/jliebl/ASR_ComputEL/CV_VC_Data/lg_cv/clips/common_voice_lg_28121600.mp3	kamulujemujiːndiejasoːkaokugːulawoebːaːlamuciseɲi	kamulujemujindiejasokaokugulawoebalamuciseɲi	kamulujemujindiejasokaokugulawoebalamuciseɲi	kamulujemujindijeasokohkubwuɾawebaɾamukiseɲu	0.25
/scratch/jliebl/ASR_ComputEL/CV_VC_Data/lg_cv/clips/common_voice_lg_27357128.mp3	abaːntubaːɲɟimubjaːlobaːvu	abantubaɲɟimubjalobavu	abantubaɲɟimubjalobavu	abantubaᶮɟemuɾjalebav	0.22727272727272727
/scratch/jliebl/ASR_ComputEL/CV_VC_Data/lg_cv/clips/common_voice_lg_28015976.mp3	zːaːbutamalagasaːɲɟibwaːbuliwamu	zabutamalagasaɲɟibwabuliwamu	zabutamalagasaɲɟibwabuliwamu	zabutamalaɡasaŋibwabuɾiwam	0.17857142857142858
/scratch/jliebl/ASR_ComputEL/CV_VC_Data/lg_cv/clips/common_voice_lg_24726104.mp3	emːereemalaoːmwaːkagunotunaːɟifuna	emereemalaomwakagunotunaɟifuna	emereemalaomwakagunotunaɟifuna	emeriemaromakaɡunotunaɡifuna	0.2
/scratch/jliebl/ASR_ComputEL/CV_VC_Data/lg_cv/clips/common_voice_lg_28091724.mp3	okweːkwaːtaobaokweːsoːkaokukolaeciːntu	okwekwataobaokwesokaokukolaecintu	okwekwataobaokwesokaokukolaecintu	okwekwataobokwesokokkodecintu	0.15151515151515152
/scratch/jliebl/ASR_ComputEL/CV_VC_Data/lg_cv/clips/common_voice_lg_28159428.mp3	cisaːcenagaːnaokukcirizigaɲanabo	cisacenaganaokukcirizigaɲanabo	cisacenaganaokukcirizigaɲanabo	cisacenaɡanaokukediziɡaɲanaɡo	0.2
/scratch/jliebl/ASR_ComputEL/CV_VC_Data/lg_cv/clips/common_voice_lg_28237364.mp3	ecizoːsijapːicijalijaɟikuːlamuŋgetokotaŋgaerikopita	ecizosijapicijalijaɟikulamuŋgetokotaŋgaerikopita	ecizosijapicijalijaɟikulamuŋgetokotaŋgaerikopita	ecosojapicejalijaɟikubuɾamoᵑɡetokotaᵑɡaeɾikopita	0.2708333333333333
/scratch/jliebl/ASR_ComputEL/CV_VC_Data/lg_cv/clips/common_voice_lg_28038540.mp3	ndibalekerajalimutuːfusaːndikweːsizekutuːkakueco	ndibalekerajalimutufusandikwesizekutukakueco	ndibalekerajalimutufusandikwesizekutukakueco	ⁿdibarekeɾajalimotufusandikwesizekutukakweco	0.11363636363636363
/scratch/jliebl/ASR_ComputEL/CV_VC_Data/lg_cv/clips/common_voice_lg_28126999.mp3	ejalimucalawasːereːmbaajaːɲɟudːeomusaɟːaomulala	ejalimucalawaserembaajaɲɟudeomusaɟaomulala	ejalimucalawaserembaajaɲɟudeomusaɟaomulala	lialimcalewasedembahajandidoshaɡiomlaɾa	0.40476190476190477
/scratch/jliebl/ASR_ComputEL/CV_VC_Data/lg_cv/clips/common_voice_lg_25420860.mp3	disitulicitijaaruatenːabalukamucirwaːdːecaebora	disitulicitijaaruatenabalukamucirwadecaebora	disitulicitijaaruatenabalukamucirwadecaebora	testudikitijaaruadenabaluhamociruadecaebora	0.20454545454545456
/scratch/jliebl/ASR_ComputEL/CV_VC_Data/lg_cv/clips/common_voice_lg_28152670.mp3	cenːaːkutumaonoːcisobola	cenakutumaonocisobola	cenakutumaonocisobola	kennakutumonowaɡisoboɾa	0.3333333333333333
/scratch/jliebl/ASR_ComputEL/CV_VC_Data/lg_cv/clips/common_voice_lg_24700217.mp3	nzendimweːtegefuokuwasa	nzendimwetegefuokuwasa	nzendimwetegefuokuwasa	inendimojʉteɡefopoasa	0.45454545454545453
/scratch/jliebl/ASR_ComputEL/CV_VC_Data/lg_cv/clips/common_voice_lg_24740935.mp3	oːmwaːnaataːndikaokujigaoluvanɲumalwokuzaːlibwaː	omwanaatandikaokujigaoluvanɲumalwokuzalibwa	omwanaatandikaokujigaoluvanɲumalwokuzalibwa	umwanatandikokwiɡauɾvoɲmaɾuokuzaɾibwa	0.3488372093023256
/scratch/jliebl/ASR_ComputEL/CV_VC_Data/lg_cv/clips/common_voice_lg_28009927.mp3	okunoːɲaakaluluokutatuːciridːekweːkutjaː	okunoɲaakaluluokutatuciridekwekutja	okunoɲaakaluluokutatuciridekwekutja	oknoɲakaluluokdatukiridekweɡutija	0.2
/scratch/jliebl/ASR_ComputEL/CV_VC_Data/lg_cv/clips/common_voice_lg_28161897.mp3	nːinamukaziwaːŋgealiːramumagːwaː	ninamukaziwaŋgealiramumagwa	ninamukaziwaŋgealiramumagwa	ninamukazwaŋɡealiɾamumaɡwa	0.14814814814814814
/scratch/jliebl/ASR_ComputEL/CV_VC_Data/lg_cv/clips/common_voice_lg_27282069.mp3	abaːnaabazaːlibaŋgatebanːeːtuːkabateːkebwaːmucumaecibabikːa	abanaabazalibaŋgatebanetukabatekebwamucumaecibabika	abanaabazalibaŋgatebanetukabatekebwamucumaecibabika	abaⁿdeabazaɾiwaᵑɡatibannetukabatekewamocuomaecbabika	0.2549019607843137
/scratch/jliebl/ASR_ComputEL/CV_VC_Data/lg_cv/clips/common_voice_lg_25349714.mp3	okulinɲiriraedːeːmbeljabaːnacibonerezebwaːnɲo	okulinɲiriraedembeljabanacibonerezebwanɲo	okulinɲiriraedembeljabanacibonerezebwanɲo	wakuɾimiɾiɾedembeɾiabanakiboneɾezewaɲjo	0.36585365853658536
/scratch/jliebl/ASR_ComputEL/CV_VC_Data/lg_cv/clips/common_voice_lg_26906062.mp3	tujiːnzatutjaːokutaːɲɟiraobubakaobweːkusifuokutuːkamubaːntu	tujinzatutjaokutaɲɟiraobubakaobwekusifuokutukamubantu	tujinzatutjaokutaɲɟiraobubakaobwekusifuokutukamubantu	twinzatutjoktaᵑɡidobubakowekosifoktukamubantu	0.24528301886792453
/scratch/jliebl/ASR_ComputEL/CV_VC_Data/lg_cv/clips/common_voice_lg_28216849.mp3	baːlitebanːacizuːlantiecamacabweːcabotodːwaːdːa	balitebanacizulantiecamacabwecabotodwada	balitebanacizulantiecamacabwecabotodwada	baditebanacizulaantiecamacaocabotoddwada	0.15
/scratch/jliebl/ASR_ComputEL/CV_VC_Data/lg_cv/clips/common_voice_lg_28249137.mp3	enːamulaːndaerijosːaɟːakulimaejalinaeːmpiːndikukutu	enamulandaerijosaɟakulimaejalinaempindikukutu	enamulandaerijosaɟakulimaejalinaempindikukutu	ennamandaailijesaɟakuɾimejalinempindikukotu	0.24444444444444444
/scratch/jliebl/ASR_ComputEL/CV_VC_Data/lg_cv/clips/common_voice_lg_28187799.mp3	ecitoːŋgoleciwaobuɟːaːɲɟabiobwobweːreːreeriabaːntuabalinaecirwaːdːecinoecijitamumpewo	ecitoŋgoleciwaobuɟaɲɟabiobwobwerereeriabantuabalinaecirwadecinoecijitamumpewo	ecitoŋgoleciwaobuɟaɲɟabiobwobwerereeriabantuabalinaecirwadecinoecijitamumpewo	iksoŋenecmubuɡjaɡaɡomoboileliɡeliavanfabaɾiɲeceimadikinuexkitbamukeo	0.5844155844155844
/scratch/jliebl/ASR_ComputEL/CV_VC_Data/lg_cv/clips/common_voice_lg_28160812.mp3	lubaːlejaːmbikːakoobusubiŋganewejeːkweːkawaːliwagumu	lubalejambikakoobusubiŋganewejekwekawaliwagumu	lubalejambikakoobusubiŋganewejekwekawaliwagumu	lʉbaliaᵐbikakaoubusubiŋanewejekwekawaliwaɡum	0.1956521739130435
/scratch/jliebl/ASR_ComputEL/CV_VC_Data/lg_cv/clips/common_voice_lg_27679475.mp3	waliwoeːɲɟawulowakatiwokujiːmbanokwoːgera	waliwoeɲɟawulowakatiwokujimbanokwogera	waliwoeɲɟawulowakatiwokujimbanokwogera	wadiwueᶮɟaulwakatiluokojeᵐbanokowoɡeɾa	0.34210526315789475
/scratch/jliebl/ASR_ComputEL/CV_VC_Data/lg_cv/clips/common_voice_lg_27629391.mp3	akamoːlibweːkatabakakunɲuːmbalibadːagalaerisekudːwaːnelisibwaːmuomuzigonelisibibwaːmucaji	akamolibwekatabakakunɲumbalibadagalaerisekudwanelisibwamuomuzigonelisibibwamucaji	akamolibwekatabakakunɲumbalibadagalaerisekudwanelisibwamuomuzigonelisibibwamucaji	akamoliwekatabakaɲiuᵐbalibadaɡaɾaeɾisekudwanilisimbwamuumziɡonelisiwamucai	0.2222222222222222
/scratch/jliebl/ASR_ComputEL/CV_VC_Data/lg_cv/clips/common_voice_lg_28118370.mp3	jakːaːtirizaeːŋkulaːkulanamubjeːmfunamucituːnduce	jakatirizaeŋkulakulanamubjemfunamucitunduce	jakatirizaeŋkulakulanamubjemfunamucitunduce	jakatilizeeŋkulakulanamubjenfunamucitunduce	0.06976744186046512
/scratch/jliebl/ASR_ComputEL/CV_VC_Data/lg_cv/clips/common_voice_lg_26835696.mp3	esːomeroljeːtaːgaobujaːmbiobulalaokubeːzaːwoabajizi	esomeroljetagaobujambiobulalaokubezawoabajizi	esomeroljetagaobujambiobulalaokubezawoabajizi	esomereoɾietaɡobjaᵐbjobulalaokbezawabaizi	0.24444444444444444
/scratch/jliebl/ASR_ComputEL/CV_VC_Data/lg_cv/clips/common_voice_lg_27116347.mp3	wabadːewoolutuːlalwaːkːoːtikunsoːŋgazetːakaolwaːleːro	wabadewoolutulalwakotikunsoŋgazetakaolwalero	wabadewoolutulalwakotikunsoŋgazetakaolwalero	wabadewuɾutulalwakotipunsoŋazitakaolwaɾiro	0.18181818181818182
/scratch/jliebl/ASR_ComputEL/CV_VC_Data/lg_cv/clips/common_voice_lg_27798050.mp3	bafunamuebiraboebitonoenɲonobuseːnteobuteːgasa	bafunamuebiraboebitonoenɲonobusenteobutegasa	bafunamuebiraboebitonoenɲonobusenteobutegasa	bafunamwebidabebitwonenɲonobusenteobuteeɡasa	0.1590909090909091
/scratch/jliebl/ASR_ComputEL/CV_VC_Data/lg_cv/clips/common_voice_lg_27959789.mp3	ezozozijitibwaːeːmpaːŋgalo	ezozozijitibwaempaŋgalo	ezozozijitibwaempaŋgalo	eɟozoiitibaiimpaŋaɾo	0.34782608695652173
/scratch/jliebl/ASR_ComputEL/CV_VC_Data/lg_cv/clips/common_voice_lg_28100159.mp3	abaːntubaːɲɟiabaːɲwaːoːmweːŋgeŋgabacalibato	abantubaɲɟiabaɲwaomweŋgeŋgabacalibato	abantubaɲɟiabaɲwaomweŋgeŋgabacalibato	abantbandiabaɲumuiŋgiŋgawacjadibato	0.32432432432432434
/scratch/jliebl/ASR_ComputEL/CV_VC_Data/lg_cv/clips/common_voice_lg_27357992.mp3	obukadːebweːnsiːmbiabiribulimwaːkabusobolaokutuːmbulaebjeːmfunabjaːfamire	obukadebwensimbiabiribulimwakabusobolaokutumbulaebjemfunabjafamire	obukadebwensimbiabiribulimwakabusobolaokutumbulaebjemfunabjafamire	uɡukaⁿdewensimbiabiɾiwakaŋwakaɡusoɾumuɡuɾuɾemijebuɾebimvunabiafamiɾe	0.45454545454545453
/scratch/jliebl/ASR_ComputEL/CV_VC_Data/lg_cv/clips/common_voice_lg_28149245.mp3	muɲererejaɲumaokusanirirakubaːŋgaabeːratakaluba	muɲererejaɲumaokusanirirakubaŋgaaberatakaluba	muɲererejaɲumaokusanirirakubaŋgaaberatakaluba	muɲererehanjumoksanilekvambaabiɾakataluba	0.37777777777777777
/scratch/jliebl/ASR_ComputEL/CV_VC_Data/lg_cv/clips/common_voice_lg_28236429.mp3	nɲazaːlaobaomukadːeomukazitoliːramumaːsogamuko	nɲazalaobaomukadeomukazitoliramumasogamuko	nɲazalaobaomukadeomukazitoliramumasogamuko	azaɾaobaomukadomokazitoɾiɾammasoɡaamokow	0.2857142857142857
/scratch/jliebl/ASR_ComputEL/CV_VC_Data/lg_cv/clips/common_voice_lg_24227992.mp3	ecikozeobubiakawukakacoronakeːriːmbisenɲomusːeɲiga	ecikozeobubiakawukakacoronakerimbisenɲomuseɲiga	ecikozeobubiakawukakacoronakerimbisenɲomuseɲiga	ecikozobobiakaukakakoɾonakediiᵐbiseɲɲomoseɲeɡa	0.2553191489361702
/scratch/jliebl/ASR_ComputEL/CV_VC_Data/lg_cv/clips/common_voice_lg_28096864.mp3	mumweːziemːotokazatacisiwezaːwerwaː	mumweziemotokazatacisiwezawerwa	mumweziemotokazatacisiwezawerwa	mumwezemutkazatakswezawelwa	0.22580645161290322
/scratch/jliebl/ASR_ComputEL/CV_VC_Data/lg_cv/clips/common_voice_lg_23909788.mp3	nzenalimuːntumugezinɲomubiseːramweːtwaːsomeraːŋga	nzenalimuntumugezinɲomubiseramwetwasomeraŋga	nzenalimuntumugezinɲomubiseramwetwasomeraŋga	nzenaɾimuntumuɡazinɲumuɡiseɾamwedwasomeɾaᵑa	0.22727272727272727
/scratch/jliebl/ASR_ComputEL/CV_VC_Data/lg_cv/clips/common_voice_lg_27947127.mp3	emːereeriːbwaːabaːntubomubuciːkakːonotetegeːrekeka	emereeribwaabantubomubucikakonotetegerekeka	emereeribwaabantubomubucikakonotetegerekeka	emeɾeɾibahabantubomukiumbomubukikakwonoteteɡeɾekeka	0.3953488372093023
/scratch/jliebl/ASR_ComputEL/CV_VC_Data/lg_cv/clips/common_voice_lg_27849698.mp3	baːbaojoabeːraaːmvumanɲo	babaojoaberaamvumanɲo	babaojoaberaamvumanɲo	babojɑbeɐnvumanjɑ	0.42857142857142855
/scratch/jliebl/ASR_ComputEL/CV_VC_Data/lg_cv/clips/common_voice_lg_27856031.mp3	abatemubaːmutːisakaːmbe	abatemubamutisakambe	abatemubamutisakambe	abatimubamutisakambe	0.05
/scratch/jliebl/ASR_ComputEL/CV_VC_Data/lg_cv/clips/common_voice_lg_28119344.mp3	cisobkaokubaŋgabuleːtebwaːwoeːndwaːdːeezikwaːtaabacalaŋgabalimbuto	cisobkaokubaŋgabuletebwawoendwadeezikwataabacalaŋgabalimbuto	cisobkaokubaŋgabuletebwawoendwadeezikwataabacalaŋgabalimbuto	cisobokoukubaŋabuletebohawokindwadeizikwataabacaɾaŋabaɾimbuto	0.2
/scratch/jliebl/ASR_ComputEL/CV_VC_Data/lg_cv/clips/common_voice_lg_28042577.mp3	twaːlabantiamasomeroagalinaobupaːndegaːligalabikaŋgagalibuluːɲɟimubjeːmfuna	twalabantiamasomeroagalinaobupandegaligalabikaŋgagalibuluɲɟimubjemfuna	twalabantiamasomeroagalinaobupandegaligalabikaŋgagalibuluɲɟimubjemfuna	talabankamasomelaɡalinoupandeɡarikalabikaŋaɡalibulonɟemubiemfona	0.2571428571428571
/scratch/jliebl/ASR_ComputEL/CV_VC_Data/lg_cv/clips/common_voice_lg_28174196.mp3	bulicituːnducirimuabaːntuabaːsomanabataːsoma	bulicitunducirimuabantuabasomanabatasoma	bulicitunducirimuabantuabasomanabatasoma	burikɕetundukirimuɑvɑrɐndvɑvɑsumɑnɛvɑtɐssumɑ	0.6
/scratch/jliebl/ASR_ComputEL/CV_VC_Data/lg_cv/clips/common_voice_lg_24815674.mp3	omukuleːmbezewadisitulicitijafːemumalirivunɲookuweːrezaabaːntu	omukulembezewadisitulicitijafemumalirivunɲookuwerezaabantu	omukulembezewadisitulicitijafemumalirivunɲookuwerezaabantu	umkuɾembezewadistiktieafemumaɾiɾivuɲokwoheɾezaabantu	0.29310344827586204
/scratch/jliebl/ASR_ComputEL/CV_VC_Data/lg_cv/clips/common_voice_lg_25556242.mp3	okubeːramucituːnduecijoːɲɟocitaːɲɟiraeːndwaːdːe	okuberamucitunduecijoɲɟocitaɲɟiraendwade	okuberamucitunduecijoɲɟocitaɲɟiraendwade	okberamocituⁿdwecjoᶮɟocitaᵑɡiraeⁿdwadde	0.25
/scratch/jliebl/ASR_ComputEL/CV_VC_Data/lg_cv/clips/common_voice_lg_27919814.mp3	etːeːkaerjoːeraljaːmeɲebwaːmucigaːmbomukeːne	etekaerjoeraljameɲebwamucigambomukene	etekaerjoeraljameɲebwamucigambomukene	etekaijoeɾariamiɲɲebwamociɡaᵐbomukene	0.2702702702702703
/scratch/jliebl/ASR_ComputEL/CV_VC_Data/lg_cv/clips/common_voice_lg_25467271.mp3	olinajiːkamːeka	olinajikameka	olinajikameka	orinajikamika	0.15384615384615385
/scratch/jliebl/ASR_ComputEL/CV_VC_Data/lg_cv/clips/common_voice_lg_27386510.mp3	chinaewaabajiziobujaːmbiabaːgalaokusomeraechina	chinaewaabajiziobujambiabagalaokusomeraechina	chinaewaabajiziobujambiabagalaokusomeraechina	cainaewaabaizobojaᵐbiabaɡalokusomeɾaecjahina	0.2222222222222222
/scratch/jliebl/ASR_ComputEL/CV_VC_Data/lg_cv/clips/common_voice_lg_28171018.mp3	kaːsaabeːratamaɲicakukolaeraŋganeɟadːatamaɲiːjo	kasaaberatamaɲicakukolaeraŋganeɟadatamaɲijo	kasaaberatamaɲicakukolaeraŋganeɟadatamaɲijo	kasabedatamaɲicakukoɾaeɾaŋganejadatamaɲijo	0.11627906976744186
/scratch/jliebl/ASR_ComputEL/CV_VC_Data/lg_cv/clips/common_voice_lg_24015947.mp3	ɲɟakukomawosiːŋgaonaːbaoːnsoɲije	ɲɟakukomawosiŋgaonabaonsoɲije	ɲɟakukomawosiŋgaonabaonsoɲije	nɟakukomaoseᵑɡaonobonsoɲie	0.27586206896551724
/scratch/jliebl/ASR_ComputEL/CV_VC_Data/lg_cv/clips/common_voice_lg_27871122.mp3	okulweːjasaːŋgulizaːmunokulwaːgalaːŋgakonokulujiɟirizaabaːnanabazːukulu	okulwejasaŋgulizamunokulwagalaŋgakonokulujiɟirizaabananabazukulu	okulwejasaŋgulizamunokulwagalaŋgakonokulujiɟirizaabananabazukulu	okuɾejasaŋuɾizamnukwaɡalaŋakondeokiɡɾizabaɲoniabaɟzukuɾu	0.390625
/scratch/jliebl/ASR_ComputEL/CV_VC_Data/lg_cv/clips/common_voice_lg_24165657.mp3	bunoobulwaːdːebutadːebuliomukubweːriːnde	bunoobulwadebutadebuliomukubwerinde	bunoobulwadebutadebuliomukubwerinde	bunobɾadebutadebuɾjomkuwedinde	0.2571428571428571
/scratch/jliebl/ASR_ComputEL/CV_VC_Data/lg_cv/clips/common_voice_lg_27789045.mp3	muciseːraeconːacalajaliːŋgaawuːnzeŋgabamuvunaːna	muciseraeconacalajaliŋgaawunzeŋgabamuvunana	muciseraeconacalajaliŋgaawunzeŋgabamuvunana	mukiseɾhekjonunakjaɾajaɾajiŋaunkunzinabamuvunan	0.4883720930232558
/scratch/jliebl/ASR_ComputEL/CV_VC_Data/lg_cv/clips/common_voice_lg_28219862.mp3	bwaːnikaanɲonɲodːentibugaːndaerinaecizibucabakuleːmbezeabeːcibogweː	bwanikaanɲonɲodentibugandaerinaecizibucabakulembezeabecibogwe	bwanikaanɲonɲodentibugandaerinaecizibucabakulembezeabecibogwe	banikaɲoɲudentibuɡaⁿdeɾinecizibukjabakuɾembezabecekokwe	0.2786885245901639
/scratch/jliebl/ASR_ComputEL/CV_VC_Data/lg_cv/clips/common_voice_lg_27851117.mp3	ogulokerakumutiomulalagujitibwaːmulaːɲɟira	ogulokerakumutiomulalagujitibwamulaɲɟira	ogulokerakumutiomulalagujitibwamulaɲɟira	oᵑɡulokeɾakumutiomulalaɡwicwamulaŋriɾa	0.3
/scratch/jliebl/ASR_ComputEL/CV_VC_Data/lg_cv/clips/common_voice_lg_27889871.mp3	ejoɟejalagaɟejasiːnziːraokuloːpamukuluwe	ejoɟejalagaɟejasinziraokulopamukuluwe	ejoɟejalagaɟejasinziraokulopamukuluwe	ejoɡiejalaɡaɡejasinziɾokluopamkuluwe	0.24324324324324326
/scratch/jliebl/ASR_ComputEL/CV_VC_Data/lg_cv/clips/common_voice_lg_28200408.mp3	fenːanetuzuːkukatugeːndeokuloːndaomukuleːmbezewegːwaːŋga	fenanetuzukukatugendeokulondaomukulembezewegwaŋga	fenanetuzukukatugendeokulondaomukulembezewegwaŋga	fenanetuzukukatuɡeⁿdeokuloⁿdewumkuɾembezewekɡwaŋa	0.22448979591836735
/scratch/jliebl/ASR_ComputEL/CV_VC_Data/lg_cv/clips/common_voice_lg_27847984.mp3	cinolwaːkubanamaːsomaːɲɟinajeolumucibateciraba	cinolwakubanamasomaɲɟinajeolumucibateciraba	cinolwakubanamasomaɲɟinajeolumucibateciraba	cinorakubanamasomaaᶮɟinajolomociwatecidab	0.23255813953488372
/scratch/jliebl/ASR_ComputEL/CV_VC_Data/lg_cv/clips/common_voice_lg_27829050.mp3	sːeːntebeagaːmbjeːntisːimukaːmbweːŋgabweːbaːmwoːgerako	sentebeagambjentisimukambweŋgabwebamwogerako	sentebeagambjentisimukambweŋgabwebamwogerako	sentebaɡambijentisimukabweŋgabibamoɡeɾako	0.20454545454545456
/scratch/jliebl/ASR_ComputEL/CV_VC_Data/lg_cv/clips/common_voice_lg_27718394.mp3	olwaːmalaokwoːgeraebjoːoluvanɲumaamaːsonagazːakuŋgatːozo	olwamalaokwogeraebjooluvanɲumaamasonagazakuŋgatozo	olwamalaokwogeraebjooluvanɲumaamasonagazakuŋgatozo	olamalaokwoɡeɾebjoolvaɲumaamasonaɡazakunlatozo	0.18
/scratch/jliebl/ASR_ComputEL/CV_VC_Data/lg_cv/clips/common_voice_lg_27152715.mp3	abakulubebikabaneɲaabakazinebweːcibaŋgaabasaɟːabebalimunsobi	abakulubebikabaneɲaabakazinebwecibaŋgaabasaɟabebalimunsobi	abakulubebikabaneɲaabakazinebwecibaŋgaabasaɟabebalimunsobi	abakulbebikabaneɲabakazniwecibaŋabasaɡjabibaɾimunsubi	0.20689655172413793
/scratch/jliebl/ASR_ComputEL/CV_VC_Data/lg_cv/clips/common_voice_lg_27745794.mp3	cikacimumipiːraɟebikabjaːbagaːndaecisiːŋgaebikopoebiːɲɟi	cikacimumipiraɟebikabjabagandaecisiŋgaebikopoebiɲɟi	cikacimumipiraɟebikabjabagandaecisiŋgaebikopoebiɲɟi	cikaacimumipiɾaɡiebikajabaɡandaekisiŋaibikokoibinɡi	0.2549019607843137
/scratch/jliebl/ASR_ComputEL/CV_VC_Data/lg_cv/clips/common_voice_lg_28238642.mp3	omuwalajenːabweːcibaŋgeːŋgojezojaːmbadːesimpaːmvuecimalaciruːɲɟiolemekusalako	omuwalajenabwecibaŋgeŋgojezojambadesimpamvuecimalaciruɲɟiolemekusalako	omuwalajenabwecibaŋgeŋgojezojambadesimpamvuecimalaciruɲɟiolemekusalako	umwaɾainawecibaŋeŋojizuojambadisimpaubecemaɾabɡiɾunjoɾemikusaɾako	0.35714285714285715
/scratch/jliebl/ASR_ComputEL/CV_VC_Data/lg_cv/clips/common_voice_lg_28151668.mp3	omusotagwaːdːamunegujiːɲɟiramucitulicagwoː	omusotagwadamunegujiɲɟiramucitulicagwo	omusotagwadamunegujiɲɟiramucitulicagwo	umusotaɡwadamuneɡujiŋiɾamukituɾikjaɡo	0.3157894736842105
/scratch/jliebl/ASR_ComputEL/CV_VC_Data/lg_cv/clips/common_voice_lg_27153811.mp3	okusirikacecimukubigezesoebisiːŋgaokusoːmoːzaomukuleːmbezebjalinaokukola	okusirikacecimukubigezesoebisiŋgaokusomozaomukulembezebjalinaokukola	okusirikacecimukubigezesoebisiŋgaokusomozaomukulembezebjalinaokukola	oksidikacecemokubeɡezesoebisiᵑaoksomoozamamukoɾamezebijajenokkola	0.3088235294117647
/scratch/jliebl/ASR_ComputEL/CV_VC_Data/lg_cv/clips/common_voice_lg_28097827.mp3	ebijiːnzaokutuviːramutebiɲumakuɲuːmjaːko	ebijinzaokutuviramutebiɲumakuɲumjako	ebijinzaokutuviramutebiɲumakuɲumjako	ebijenzaoktuviɾamutebiɲumakuɲumiako	0.1111111111111111
/scratch/jliebl/ASR_ComputEL/CV_VC_Data/lg_cv/clips/common_voice_lg_27764824.mp3	silwaːbuwazenajecikozesekwaːgala	silwabuwazenajecikozesekwagala	silwabuwazenajecikozesekwagala	siɾabwazenaikikozosibwaɡana	0.36666666666666664
/scratch/jliebl/ASR_ComputEL/CV_VC_Data/lg_cv/clips/common_voice_lg_27899315.mp3	abaːnabaluːmwaːeːɲɟalamubituːndubjobuciːkakːonobjegːwaːŋga	abanabalumwaeɲɟalamubitundubjobucikakonobjegwaŋga	abanabalumwaeɲɟalamubitundubjobucikakonobjegwaŋga	abɛnebɑɾumwiŋɡelɑmubitundujoɡucikɑkunubjeɡwaŋa	0.3469387755102041
/scratch/jliebl/ASR_ComputEL/CV_VC_Data/lg_cv/clips/common_voice_lg_28171814.mp3	olumuliolukalirakucisagazilujitibwaːolukuːbiːraobaolweːŋkalira	olumuliolukalirakucisagazilujitibwaolukubiraobaolweŋkalira	olumuliolukalirakucisagazilujitibwaolukubiraobaolweŋkalira	olumuɾjolukalidakutsaɡazeɾujutiboɾukuobiɾaobolmeŋkaɾida	0.3103448275862069
/scratch/jliebl/ASR_ComputEL/CV_VC_Data/lg_cv/clips/common_voice_lg_28023974.mp3	najenːoatewanowobeːwuːɲizaeːntegeːrajaːbweː	najenoatewanowobewuɲizaentegerajabwe	najenoatewanowobewuɲizaentegerajabwe	neinmɑɡɑtiwunwobewuɲziɪnteɡirajawe	0.4444444444444444
/scratch/jliebl/ASR_ComputEL/CV_VC_Data/lg_cv/clips/common_voice_lg_27947871.mp3	haɟijamugaːnaokukozesaːkooludːaolumuolwenɲuːmba	haɟijamuganaokukozesakooludaolumuolwenɲumba	haɟijamuganaokukozesakooludaolumuolwenɲumba	aɡijambwandoukoɾisahoɾdoɾmoweɲumba	0.4186046511627907
/scratch/jliebl/ASR_ComputEL/CV_VC_Data/lg_cv/clips/common_voice_lg_27842401.mp3	baːɲwaːɲibafːeabamubafuːseaːntiabamubaːgalaerabaluːbirirakutuɲuɲuːntabuɲuɲusi	baɲwaɲibafeabamubafuseantiabamubagalaerabalubirirakutuɲuɲuntabuɲuɲusi	baɲwaɲibafeabamubafuseantiabamubagalaerabalubirirakutuɲuɲuntabuɲuɲusi	baɲwaɲbafabambafusebantiabambaɡaɾaeɾabaɾubiɾiɾakuɾuɲoɲuntaboɲomiɲosi	0.2608695652173913
/scratch/jliebl/ASR_ComputEL/CV_VC_Data/lg_cv/clips/common_voice_lg_27818673.mp3	mbadːemːaɲiwaːmpisekuːmpamuteːmwaːgwaːŋge	mbademaɲiwampisekumpamutemwagwaŋge	mbademaɲiwampisekumpamutemwagwaŋge	bademɑɲuensekɵmvitɑmtemohɑɡwandi	0.6176470588235294
/scratch/jliebl/ASR_ComputEL/CV_VC_Data/lg_cv/clips/common_voice_lg_27998551.mp3	kːojentitugeːndabweːjogererenɲaboobadːeolagawa	kojentitugendabwejogererenɲaboobadeolagawa	kojentitugendabwejogererenɲaboobadeolagawa	kojentituɡeⁿdawejoɡerereɲabobadolaɡawa	0.19047619047619047
/scratch/jliebl/ASR_ComputEL/CV_VC_Data/lg_cv/clips/common_voice_lg_28117239.mp3	ebitoːŋgolebivudːejookujaːmbamukulwaːɲisaobutabaːŋguko	ebitoŋgolebivudejookujambamukulwaɲisaobutabaŋguko	ebitoŋgolebivudejookujambamukulwaɲisaobutabaŋguko	ebitooᵑɡodebivudajokojaᵐbamukuɾwaɲisaubutabaŋuko	0.22448979591836735
/scratch/jliebl/ASR_ComputEL/CV_VC_Data/lg_cv/clips/common_voice_lg_27875064.mp3	koːmeraecifoeːnteweziriːraokuvakuntonekunsoloeːndalaezivaebweːru	komeraecifoenteweziriraokuvakuntonekunsoloendalaezivaebweru	komeraecifoenteweziriraokuvakuntonekunsoloendalaezivaebweru	komerecefoɪntewezihraɔɧvɑkuntonenensodoindɑrizvebweru	0.3220338983050847
/scratch/jliebl/ASR_ComputEL/CV_VC_Data/lg_cv/clips/common_voice_lg_28175307.mp3	kamalabjoːnːaabasabjeːokutwaːlaebigaːmbobjaːkatikciro	kamalabjonaabasabjeokutwalaebigambobjakatikciro	kamalabjonaabasabjeokutwalaebigambobjakatikciro	kamalabjonabastaɾijoktwaɾiɾiɡambobijakatiki	0.3191489361702128
/scratch/jliebl/ASR_ComputEL/CV_VC_Data/lg_cv/clips/common_voice_lg_28015205.mp3	cinocikujaːmbaokulukazanokweːsukcizːamumpaːndiːkajaːlwoːeːntuːfu	cinocikujambaokulukazanokwesukcizamumpandikajalwoentufu	cinocikujambaokulukazanokwesukcizamumpandikajalwoentufu	cenocikujaᵐbaokrukazanokwesukkizamumpaⁿdikajalwentufu	0.12727272727272726
/scratch/jliebl/ASR_ComputEL/CV_VC_Data/lg_cv/clips/common_voice_lg_28092081.mp3	amazaːlibwaːgakabakaageːŋkaːgamuomukaːgagamukafuːmulaːmpawuŋgakuminasːatu	amazalibwagakabakaageŋkagamuomukagagamukafumulampawuŋgakuminasatu	amazalibwagakabakaageŋkagamuomukagagamukafumulampawuŋgakuminasatu	amazaɾiwaɡakabakaaɡeŋkaɡamuumukaɡaɡamkafumoɾampauŋakuminassatu	0.2153846153846154
/scratch/jliebl/ASR_ComputEL/CV_VC_Data/lg_cv/clips/common_voice_lg_28035951.mp3	mwaːmibjaːnsicejakolakweːkuguliratːeːndoeːmbwaː	mwamibjansicejakolakwekuguliratendoembwa	mwamibjansicejakolakwekuguliratendoembwa	mamibjaŋscejakodakwɛkuɡulidateⁿdoeᵐbuda	0.275
/scratch/jliebl/ASR_ComputEL/CV_VC_Data/lg_cv/clips/common_voice_lg_24582699.mp3	lwaːciabazadːebasuːlaobuvunaːɲizibwaː	lwaciabazadebasulaobuvunaɲizibwa	lwaciabazadebasulaobuvunaɲizibwa	dwahacjabazatdebasulubuvunaisikwa	0.3125
/scratch/jliebl/ASR_ComputEL/CV_VC_Data/lg_cv/clips/common_voice_lg_24777948.mp3	tːiːmujomupiːraejaoːnduparakajafiːrwaːomuzanɲogwaːjoogwaːsoːkamuluzanɲa	timujomupiraejaonduparakajafirwaomuzanɲogwajoogwasokamuluzanɲa	timujomupiraejaonduparakajafirwaomuzanɲogwajoogwasokamuluzanɲa	timjomupidejaondupaɾakajafiɾumuzaɲuɡwajuɡwasokamazaa	0.3064516129032258
/scratch/jliebl/ASR_ComputEL/CV_VC_Data/lg_cv/clips/common_voice_lg_28099108.mp3	zːaːlawemizanɲosiwaːboabaliwaːnsiweːmjaːkaekːuminetaːno	zalawemizanɲosiwaboabaliwansiwemjakaekuminetano	zalawemizanɲosiwaboabaliwansiwemjakaekuminetano	zalawenizaɲasuavoabaɾiwanswejimjakekuminetɾano	0.2553191489361702
/scratch/jliebl/ASR_ComputEL/CV_VC_Data/lg_cv/clips/common_voice_lg_23909980.mp3	katiomaɲiciobanomusomesawoaljaːenɲama	katiomaɲiciobanomusomesawoaljaenɲama	katiomaɲiciobanomusomesawoaljaenɲama	katmaɲiciobanomsomesawoarieɲɲama	0.19444444444444445
/scratch/jliebl/ASR_ComputEL/CV_VC_Data/lg_cv/clips/common_voice_lg_28206310.mp3	abaːlazeobwoːlekonobuboneroobwakawukakakolonatebazuːlidːwaːnabwoː	abalazeobwolekonobuboneroobwakawukakakolonatebazulidwanabwo	abalazeobwolekonobuboneroobwakawukakakolonatebazulidwanabwo	abalazwabuoɾekonauwoniɾowakaukakakolunadebazudidwanabu	0.288135593220339
/scratch/jliebl/ASR_ComputEL/CV_VC_Data/lg_cv/clips/common_voice_lg_25250897.mp3	banːabjaːfaːjobaɟːakuɟːucirwaːolwebjoːbjeːbaːkoleraegːwaːŋga	banabjafajobaɟakuɟucirwaolwebjobjebakoleraegwaŋga	banabjafajobaɟakuɟucirwaolwebjobjebakoleraegwaŋga	banabijafajobaɟakoɟukiɾwaolwedibibakodeɾeɡwaᵑɡa	0.30612244897959184
/scratch/jliebl/ASR_ComputEL/CV_VC_Data/lg_cv/clips/common_voice_lg_24700174.mp3	abaːnabanobaluːɲɟinɲoerabulimuːntuabeːgoːmba	abanabanobaluɲɟinɲoerabulimuntuabegomba	abanabanobaluɲɟinɲoerabulimuntuabegomba	abernabanovalunɟiɲoeravujemuntwabeɡoᵐba	0.28205128205128205
/scratch/jliebl/ASR_ComputEL/CV_VC_Data/lg_cv/clips/common_voice_lg_25548512.mp3	abaːntubalinaokweːɲiɟiraːŋgamunteːkateːkazobujoːɲɟo	abantubalinaokweɲiɟiraŋgamuntekatekazobujoɲɟo	abantubalinaokweɲiɟiraŋgamuntekatekazobujoɲɟo	ɲabantubaɾinokweniɡiɾaŋamuntekatekazoɡjonɟo	0.2222222222222222
/scratch/jliebl/ASR_ComputEL/CV_VC_Data/lg_cv/clips/common_voice_lg_28118938.mp3	ebikoːlabjomutubabijitibwaːmalagala	ebikolabjomutubabijitibwamalagala	ebikolabjomutubabijitibwamalagala	ibikodabiomotubabitwamadaɡara	0.3333333333333333
/scratch/jliebl/ASR_ComputEL/CV_VC_Data/lg_cv/clips/common_voice_lg_27893243.mp3	abaːntubaɟːakusobolaokufunaemirimu	abantubaɟakusobolaokufunaemirimu	abantubaɟakusobolaokufunaemirimu	abantubajaksobolaɔkfɵnɑemirimo	0.21875
/scratch/jliebl/ASR_ComputEL/CV_VC_Data/lg_cv/clips/common_voice_lg_24562495.mp3	lwaːcibulinsobiateoɟiteːkakunzeateŋgagweːmusobjaː	lwacibulinsobiateoɟitekakunzeateŋgagwemusobja	lwacibulinsobiateoɟitekakunzeateŋgagwemusobja	lacibulinsobiatoɟitekakunzemateᵑɡaɡwemsobja	0.15555555555555556
/scratch/jliebl/ASR_ComputEL/CV_VC_Data/lg_cv/clips/common_voice_lg_28078161.mp3	gezaːkookuwaːndiːkaeciraːmoecituːciridːe	gezakookuwandikaeciramoecituciride	gezakookuwandikaeciramoecituciride	ɡizakokwaⁿdiɡecedamectukidibe	0.4117647058823529
/scratch/jliebl/ASR_ComputEL/CV_VC_Data/lg_cv/clips/common_voice_lg_27216324.mp3	kaːmpalacecibugacaugaːndaecikulu	kampalacecibugacaugandaecikulu	kampalacecibugacaugandaecikulu	tampalacecebuɡacajuɡaⁿdaeckulu	0.23333333333333334
/scratch/jliebl/ASR_ComputEL/CV_VC_Data/lg_cv/clips/common_voice_lg_27999822.mp3	malirizaolugerolunociticaɟːiːri	malirizaolugerolunociticaɟiri	malirizaolugerolunociticaɟiri	maɾiɾizobɡeɾoɾumocitikjaɡiɾi	0.4482758620689655
/scratch/jliebl/ASR_ComputEL/CV_VC_Data/lg_cv/clips/common_voice_lg_28138302.mp3	twaːlituzigulaebjuːmaabacalaŋgabazigulabikomo	twalituzigulaebjumaabacalaŋgabazigulabikomo	twalituzigulaebjumaabacalaŋgabazigulabikomo	twalituziɡulebjumaabacalaŋabaziɡulabikomo	0.09302325581395349
/scratch/jliebl/ASR_ComputEL/CV_VC_Data/lg_cv/clips/common_voice_lg_27984475.mp3	gːweːolinaobujiːnzakubulamubwoː	gweolinaobujinzakubulamubwo	gweolinaobujinzakubulamubwo	ɡweodinewubujinzakubilambuo	0.2962962962962963
/scratch/jliebl/ASR_ComputEL/CV_VC_Data/lg_cv/clips/common_voice_lg_27309356.mp3	amateːkagebibiːnaebiterekasːeːntegalinaokugobererwaːokweːwalaobufere	amatekagebibinaebiterekasentegalinaokugobererwaokwewalaobufere	amatekagebibinaebiterekasentegalinaokugobererwaokwewalaobufere	amatekaɡebibinebiceɾekasentɡahinokuɡobiɾiɾwaokwewaɾubufeɾe	0.27419354838709675
/scratch/jliebl/ASR_ComputEL/CV_VC_Data/lg_cv/clips/common_voice_lg_27798532.mp3	wanotujiːnzaokugaːmbantiolulimiolukozesebwaːlutuːciridːe	wanotujinzaokugambantiolulimiolukozesebwalutuciride	wanotujinzaokugambantiolulimiolukozesebwalutuciride	wanutujenzaokuɡaᵐbaotioɾimioɾukodosebamutukiɾide	0.29411764705882354
/scratch/jliebl/ASR_ComputEL/CV_VC_Data/lg_cv/clips/common_voice_lg_28095510.mp3	amabeːrecirevumaliriza	amaberecirevumaliriza	amaberecirevumaliriza	mamaberecidevumadidisa	0.23809523809523808
/scratch/jliebl/ASR_ComputEL/CV_VC_Data/lg_cv/clips/common_voice_lg_28215612.mp3	lwaːciokufuːmbirwaːkumjaːkaemitonokukabasanɲizibwaːbicaːlibjamaːɲimubuciːkakːono	lwaciokufumbirwakumjakaemitonokukabasanɲizibwabicalibjamaɲimubucikakono	lwaciokufumbirwakumjakaemitonokukabasanɲizibwabicalibjamaɲimubucikakono	lwacjokufumbiɾakumijakeemitonokukabasaɲizibabicjaldibiamaɲimubucikakuono	0.15492957746478872
/scratch/jliebl/ASR_ComputEL/CV_VC_Data/lg_cv/clips/common_voice_lg_28017097.mp3	muwacisoabaːntubaːɲɟibagobedːwaːecireːseokutaːtaːgaɲizibwaːeriaboabaːgalaebjaːpa	muwacisoabantubaɲɟibagobedwaecireseokutatagaɲizibwaeriaboabagalaebjapa	muwacisoabantubaɲɟibagobedwaecireseokutatagaɲizibwaeriaboabagalaebjapa	moɡisoabandwanɡibaɡubedwaekɾeseufutataɡaɲiziwaeɾiamvoabaɡaɾibiapa	0.37142857142857144
/scratch/jliebl/ASR_ComputEL/CV_VC_Data/lg_cv/clips/common_voice_lg_27543263.mp3	katiŋgaecobwocitegedːetaːndikaokucewala	katiŋgaecobwocitegedetandikaokucewala	katiŋgaecobwocitegedetandikaokucewala	katiᵑɡecjobocteɡedetanikokciewara	0.32432432432432434
/scratch/jliebl/ASR_ComputEL/CV_VC_Data/lg_cv/clips/common_voice_lg_24848270.mp3	ciciecikozesebwaːokusalaeːndodːozemiti	ciciecikozesebwaokusalaendodozemiti	ciciecikozesebwaokusalaendodozemiti	cececkozesaboksareⁿdodozemiti	0.2857142857142857
/scratch/jliebl/ASR_ComputEL/CV_VC_Data/lg_cv/clips/common_voice_lg_25469832.mp3	abaːntutebaːsobolakutaːmbuzamːerekubaːŋgaolutiːndolwaːjonoːneka	abantutebasobolakutambuzamerekubaŋgaolutindolwajononeka	abantutebasobolakutambuzamerekubaŋgaolutindolwajononeka	abanxjimutibasoɡlakutambuzameɾiabaŋaoɾotindoɾajomuⁿdikamo	0.41818181818181815
/scratch/jliebl/ASR_ComputEL/CV_VC_Data/lg_cv/clips/common_voice_lg_28144735.mp3	obwaːkabakabugezaːkookuɟizːaːwoŋgerikumutiːndoogwaːwagːulu	obwakabakabugezakookuɟizawoŋgerikumutindoogwawagulu	obwakabakabugezakookuɟizawoŋgerikumutindoogwawagulu	uwakabakabɡezakokubjiziahawoŋeɾekumutindoɡwawaɡulu	0.3137254901960784
/scratch/jliebl/ASR_ComputEL/CV_VC_Data/lg_cv/clips/common_voice_lg_25418617.mp3	jafunasikaːlaolwokubaomuzanɲiwomupiːraasiːŋgamucituːndu	jafunasikalaolwokubaomuzanɲiwomupiraasiŋgamucitundu	jafunasikalaolwokubaomuzanɲiwomupiraasiŋgamucitundu	jafunasikalauɾuokwomzaɲuombiɾasimwamcitundu	0.3333333333333333
/scratch/jliebl/ASR_ComputEL/CV_VC_Data/lg_cv/clips/common_voice_lg_27153595.mp3	totiːsibwaːtiːsibwaːnebjoːbjoːtamaɲi	totisibwatisibwanebjobjotamaɲi	totisibwatisibwanebjobjotamaɲi	totitsiwatisiwanejibibjotamaɲ	0.26666666666666666
/scratch/jliebl/ASR_ComputEL/CV_VC_Data/lg_cv/clips/common_voice_lg_27985510.mp3	okulaːŋgaɟːanokulaːŋgaːla	okulaŋgaɟanokulaŋgala	okulaŋgaɟanokulaŋgala	okulaŋaɟaniokulaŋgala	0.09523809523809523
/scratch/jliebl/ASR_ComputEL/CV_VC_Data/lg_cv/clips/common_voice_lg_28241210.mp3	amanɲalwaːciogawaːndiːkabubinɲo	amanɲalwaciogawandikabubinɲo	amanɲalwaciogawandikabubinɲo	amaɲaruacoɡawaⁿdikabubiɲɲo	0.25
/scratch/jliebl/ASR_ComputEL/CV_VC_Data/lg_cv/clips/common_voice_lg_24708834.mp3	abadːugavubasabidːwaːobutagulaŋgojezikozesedːwaːkoolwokweːwalakawukakacorona	abadugavubasabidwaobutagulaŋgojezikozesedwakoolwokwewalakawukakacorona	abadugavubasabidwaobutagulaŋgojezikozesedwakoolwokwewalakawukakacorona	abaduɡavubasabidwaubutaɡulaᵑojezikozesedwakooluokwewalakawukakakolona	0.11428571428571428
/scratch/jliebl/ASR_ComputEL/CV_VC_Data/lg_cv/clips/common_voice_lg_27485624.mp3	enɲaːmbalaeːmbitekcirizibwaːmumasomero	enɲambalaembitekcirizibwamumasomero	enɲambalaembitekcirizibwamumasomero	iɲambaljᵐbitikidiziwamasamero	0.34285714285714286
/scratch/jliebl/ASR_ComputEL/CV_VC_Data/lg_cv/clips/common_voice_lg_27871195.mp3	eːŋguːdoenːuːɲɟizokːatezisobolakuleːtaŋkulaːkulana	eŋgudoenuɲɟizokatezisobolakuletaŋkulakulana	eŋgudoenuɲɟizokatezisobolakuletaŋkulakulana	eŋudenuŋɡizokatezisoboɾakuletaŋkulaakulana	0.13953488372093023
/scratch/jliebl/ASR_ComputEL/CV_VC_Data/lg_cv/clips/common_voice_lg_27985344.mp3	bwaːnabutonajebumaɲiokusoma	bwanabutonajebumaɲiokusoma	bwanabutonajebumaɲiokusoma	bwanaɡutonajebumaɲoksoma	0.11538461538461539
/scratch/jliebl/ASR_ComputEL/CV_VC_Data/lg_cv/clips/common_voice_lg_27984450.mp3	eːmbeːrajatuːkanetabukaŋgabasawobanoːɲaomusaːjiokuguteːkakonajeeratebagulaba	emberajatukanetabukaŋgabasawobanoɲaomusajiokugutekakonajeeratebagulaba	emberajatukanetabukaŋgabasawobanoɲaomusajiokugutekakonajeeratebagulaba	eᵐberejatukanitabukaŋgabasabanuɲaomusijɔkɡutekɑkoneratibaɡuleva	0.2714285714285714
/scratch/jliebl/ASR_ComputEL/CV_VC_Data/lg_cv/clips/common_voice_lg_27942420.mp3	tusaleamagezikuŋgeriɟetugeːndaokufucirira	tusaleamagezikuŋgeriɟetugendaokufucirira	tusaleamagezikuŋgeriɟetugendaokufucirira	tusaleamaɡezikuweɾeɟatuɡenaawokufokiliɾa	0.325
/scratch/jliebl/ASR_ComputEL/CV_VC_Data/lg_cv/clips/common_voice_lg_27630712.mp3	abasoːkaokuwuliraecirowoːzoecokukozesaoluswaːjiriŋgolulimiolutoːŋgolemuugaːndabaɟːuciramaːŋguebikoloberobjamaɟegaamina	abasokaokuwuliraecirowozoecokukozesaoluswajiriŋgolulimiolutoŋgolemuugandabaɟuciramaŋguebikoloberobjamaɟegaamina	abasokaokuwuliraecirowozoecokukozesaoluswajiriŋgolulimiolutoŋgolemuugandabaɟuciramaŋguebikoloberobjamaɟegaamina	abasokokulecɾoozoekjokozesojudusoahiliŋoluɾiɲjodutoŋuɾimojuɡandabaɟukiɾamaŋoebikoɾobeɾodiamaɡeɡampini	0.40540540540540543
/scratch/jliebl/ASR_ComputEL/CV_VC_Data/lg_cv/clips/common_voice_lg_28235543.mp3	bulimakagabweːbaːbaːŋgabaluːndabaːzanɲiraːŋgajoemizanɲoŋgebigogːogoloeːnziganokulwaːɲisaeːmbuzi	bulimakagabwebabaŋgabalundabazanɲiraŋgajoemizanɲoŋgebigogogoloenziganokulwaɲisaembuzi	bulimakagabwebabaŋgabalundabazanɲiraŋgajoemizanɲoŋgebigogogoloenziganokulwaɲisaembuzi	puɾimakaɡawebabaŋabaluⁿdabazaɲiɾaŋajoemizaɲuŋebiɡoɡoɡoloeziɡanokuɾaɲiseᵐbuzi	0.24705882352941178
/scratch/jliebl/ASR_ComputEL/CV_VC_Data/lg_cv/clips/common_voice_lg_26902763.mp3	baːtwaːlidːwaːmukweːjawulakubalala	batwalidwamukwejawulakubalala	batwalidwamukwejawulakubalala	barwaɾidwankokuuojawuemkwadaɾa	0.4827586206896552
/scratch/jliebl/ASR_ComputEL/CV_VC_Data/lg_cv/clips/common_voice_lg_28236157.mp3	ciruːɲɟiokugobereraebiraɟirobjomusawo	ciruɲɟiokugobereraebiraɟirobjomusawo	ciruɲɟiokugobereraebiraɟirobjomusawo	kiɾunɟokuɡobelelebidaɡidobjomusao	0.3333333333333333
/scratch/jliebl/ASR_ComputEL/CV_VC_Data/lg_cv/clips/common_voice_lg_27845983.mp3	gavumeːntiebuːlirebanːajugaːndakubuwaːŋguzibwaːjomubjeːɲɟiɟiriza	gavumentiebulirebanajugandakubuwaŋguzibwajomubjeɲɟiɟiriza	gavumentiebulirebanajugandakubuwaŋguzibwajomubjeɲɟiɟiriza	ɡavmetiebuɾiebanejuɡanakubuwaŋuziɡwajomuɾieᶮɟiɡiliza	0.2631578947368421
/scratch/jliebl/ASR_ComputEL/CV_VC_Data/lg_cv/clips/common_voice_lg_27986200.mp3	binonadːulijabjoːgeredːemumboːziejakafuboɟejabadːemunomukutuguno	binonadulijabjogeredemumboziejakafuboɟejabademunomukutuguno	binonadulijabjogeredemumboziejakafuboɟejabademunomukutuguno	binonaduɾijabioɡiɾedemumvuzejakafuboɡijabademunampotuɡuonuw	0.3050847457627119
/scratch/jliebl/ASR_ComputEL/CV_VC_Data/lg_cv/clips/common_voice_lg_27798469.mp3	maːmanetaːtabageːnzekweːbakamuciseːŋgecabweː	mamanetatabagenzekwebakamuciseŋgecabwe	mamanetatabagenzekwebakamuciseŋgecabwe	mamanitatabaɡenzekowebakamseᵑɡecabwe	0.21052631578947367
/scratch/jliebl/ASR_ComputEL/CV_VC_Data/lg_cv/clips/common_voice_lg_28011388.mp3	obugaːndaŋgabukuleːmbedːwaːmukatikcirocharlesapeteramajigabwaːjanukudːeeciteːsocoluciːkolwaːbamugemereire	obugandaŋgabukulembedwamukatikcirocharlesapeteramajigabwajanukudeecitesocolucikolwabamugemereire	obugandaŋgabukulembedwamukatikcirocharlesapeteramajigabwajanukudeecitesocolucikolwabamugemereire	obuɡaⁿdamabukuɾeimbeddwamokatikiɾocaspitamaiɡabwajanokudeenɟitesocuɾocikodwaababukamejri	0.3645833333333333
/scratch/jliebl/ASR_ComputEL/CV_VC_Data/lg_cv/clips/common_voice_lg_28151689.mp3	sːeːntezetwaːfunaːŋgatwaːzikolamubizineːnsiezeːɲɟawulo	sentezetwafunaŋgatwazikolamubizinensiezeɲɟawulo	sentezetwafunaŋgatwazikolamubizinensiezeɲɟawulo	seɪntesitwafurnaŋadwɐzkolebeɟninseziinjahulu	0.46808510638297873
/scratch/jliebl/ASR_ComputEL/CV_VC_Data/lg_cv/clips/common_voice_lg_27387260.mp3	abaloːndoːzibagobereraemirimueɟigeːndamumaːso	abalondozibagobereraemirimueɟigendamumaso	abalondozibagobereraemirimueɟigendamumaso	wanunozwakobiɾimwimociɡeⁿdamomoso	0.5609756097560976
/scratch/jliebl/ASR_ComputEL/CV_VC_Data/lg_cv/clips/common_voice_lg_28146746.mp3	oːmwoːgeziwegɟeljaːupdfaatwaːlaeːŋkaːmbijekasiɟːaɟirwaːjategeːzezːantisːibebalinaabakwaːtebano	omwogeziwegɟeljaupdfaatwalaeŋkambijekasiɟaɟirwajategezezantisibebalinaabakwatebano	omwogeziwegɟeljaupdfaatwalaeŋkambijekasiɟaɟirwajategezezantisibebalinaabakwatebano	omoɡezweɟeɾiajupiddiefatwarienkaᵐbijekasiɟaɡirwaɟateɡezezantisibebalinabakwatebaro	0.25609756097560976
/scratch/jliebl/ASR_ComputEL/CV_VC_Data/lg_cv/clips/common_voice_lg_27772112.mp3	siːŋgasːeːnteezozigːwaːːwonaːweŋgomuːntuomucawagwateobazewabawaːmwaːgalako	siŋgasenteezozigwawonaweŋgomuntuomucawagwateobazewabawamwagalako	siŋgasenteezozigwawonaweŋgomuntuomucawagwateobazewabawamwagalako	siŋasentezoziɡwawenaweŋomuntuomcawaɡwatobaziwabaokamwaɡaɾako	0.203125
/scratch/jliebl/ASR_ComputEL/CV_VC_Data/lg_cv/clips/common_voice_lg_27769566.mp3	awoolwaːtuːkaŋgawabaːwoomusaɟːaŋgawasamukaziweŋgabazaːlaoːmwaːna	awoolwatukaŋgawabawoomusaɟaŋgawasamukaziweŋgabazalaomwana	awoolwatukaŋgawabawoomusaɟaŋgawasamukaziweŋgabazalaomwana	awuoɾwatukaŋawabaomsaɡjaŋawasamukaziweŋabazaɾomwana	0.21052631578947367
/scratch/jliebl/ASR_ComputEL/CV_VC_Data/lg_cv/clips/common_voice_lg_28235640.mp3	amawaːŋgaagerinaːɲegetaːgaokukwaːtagana	amawaŋgaagerinaɲegetagaokukwatagana	amawaŋgaagerinaɲegetagaokukwatagana	amawaᵑɡaaɡedinaɲjeɡetaɡaokukwataɡana	0.22857142857142856
/scratch/jliebl/ASR_ComputEL/CV_VC_Data/lg_cv/clips/common_voice_lg_28221652.mp3	abacalanabaːnabaːtaːmbudːeolugeːndooluwaːmvuokufunaamazːiamajoːɲɟo	abacalanabanabatambudeolugendooluwamvuokufunaamaziamajoɲɟo	abacalanabanabatambudeolugendooluwamvuokufunaamaziamajoɲɟo	abacaɾanabanabatambdodɡeⁿdoorwamvuokfunamazamajonɟo	0.22413793103448276
/scratch/jliebl/ASR_ComputEL/CV_VC_Data/lg_cv/clips/common_voice_lg_27919915.mp3	okutegakaliːtikweːkutegaebitiːmbaokumukumunadːalaebitegaemisu	okutegakalitikwekutegaebitimbaokumukumunadalaebitegaemisu	okutegakalitikwekutegaebitimbaokumukumunadalaebitegaemisu	oɡuteɡakalitikweɡuteɡaebitimbaukumukumunadalaebiteɡoemisu	0.12280701754385964
/scratch/jliebl/ASR_ComputEL/CV_VC_Data/lg_cv/clips/common_voice_lg_27894962.mp3	eːnsoːŋgazesːomerozisobolaokugoːɲɟoːlwaːŋgaabakuleːmbezebatuːzaeːɲciːko	ensoŋgazesomerozisobolaokugoɲɟolwaŋgaabakulembezebatuzaeɲciko	ensoŋgazesomerozisobolaokugoɲɟolwaŋgaabakulembezebatuzaeɲciko	ensoŋgajasomølodisoboraokgwonjoraŋgamakulemezebatusaenciko	0.2786885245901639
/scratch/jliebl/ASR_ComputEL/CV_VC_Data/lg_cv/clips/common_voice_lg_24714804.mp3	munːaːŋgeabalwaːdːebakusoberabwamalaokuwonatajagalakusasula	munaŋgeabalwadebakusoberabwamalaokuwonatajagalakusasula	munaŋgeabalwadebakusoberabwamalaokuwonatajagalakusasula	mununaŋavɑrwadebɑksoberaboamalrukonɑtajɑɡɐlɑksesula	0.38181818181818183
/scratch/jliebl/ASR_ComputEL/CV_VC_Data/lg_cv/clips/common_voice_lg_27149473.mp3	omucalaakolaamasweːːtagabaːnabanasale	omucalaakolaamaswetagabanabanasale	omucalaakolaamaswetagabanabanasale	umcaɾakwahamaswetaɡabanabanasaɾi	0.29411764705882354
/scratch/jliebl/ASR_ComputEL/CV_VC_Data/lg_cv/clips/common_voice_lg_27115644.mp3	bapuliːdabakolerawaːnsiwamateːka	bapulidabakolerawansiwamateka	bapulidabakolerawansiwamateka	bapuɾidabakoɾiɾawansiwamateka	0.13793103448275862
/scratch/jliebl/ASR_ComputEL/CV_VC_Data/lg_cv/clips/common_voice_lg_28083886.mp3	abaːmibateːkedːwaːokuwabacalabaːbweːecitiːbwaː	abamibatekedwaokuwabacalababweecitibwa	abamibatekedwaokuwabacalababweecitibwa	abamibatekedwaukwabacalababweetibwa	0.10526315789473684
/scratch/jliebl/ASR_ComputEL/CV_VC_Data/lg_cv/clips/common_voice_lg_28235030.mp3	waliwowotuːkaŋgojojakuljaːkumucuːŋgwaː	waliwowotukaŋgojojakuljakumucuŋgwa	waliwowotukaŋgojojakuljakumucuŋgwa	walwawoteokaŋojojakuɾijakumucoŋwa	0.2647058823529412
/scratch/jliebl/ASR_ComputEL/CV_VC_Data/lg_cv/clips/common_voice_lg_25521110.mp3	abaluːnzibeːɲɟucibalinaokusomesebwaːkuŋgerijokutuːndamuomubisigwaːbweː	abalunzibeɲɟucibalinaokusomesebwakuŋgerijokutundamuomubisigwabwe	abalunzibeɲɟucibalinaokusomesebwakuŋgerijokutundamuomubisigwabwe	abalunsbenɡitibadinoksomesebapoŋerjokotundamomubisɡwabwe	0.28125
/scratch/jliebl/ASR_ComputEL/CV_VC_Data/lg_cv/clips/common_voice_lg_28176705.mp3	bːuloːkazaːgulidːwaːokuziːmbaakalwaːliroakapjaː	bulokazagulidwaokuzimbaakalwaliroakapja	bulokazagulidwaokuzimbaakalwaliroakapja	blokazaɡuliduokziᵐbakalwarirakapie	0.28205128205128205
/scratch/jliebl/ASR_ComputEL/CV_VC_Data/lg_cv/clips/common_voice_lg_28158756.mp3	abacalatebaːmfaːkoeranentaːndikaokukaːba	abacalatebamfakoeranentandikaokukaba	abacalatebamfakoeranentandikaokukaba	abacalatilbanfakueɾanindaniboɡuhaba	0.3333333333333333
/scratch/jliebl/ASR_ComputEL/CV_VC_Data/lg_cv/clips/common_voice_lg_24141472.mp3	tojinaŋgeriɟojiːnzakweːwalamubakadːebocebaːgalaosomeŋgabebakusasuliraebisalecesːomero	tojinaŋgeriɟojinzakwewalamubakadebocebagalaosomeŋgabebakusasuliraebisalecesomero	tojinaŋgeriɟojinzakwewalamubakadebocebagalaosomeŋgabebakusasuliraebisalecesomero	toenaŋediɟoinziakwewalambakadebocebeɡalosomidabibakusasulidebisadibiesomiro	0.2625
/scratch/jliebl/ASR_ComputEL/CV_VC_Data/lg_cv/clips/common_voice_lg_25422593.mp3	tːiːmujalaɟibeejiseːmuokuzanɲamumpakazeːnsijonːa	timujalaɟibeejisemuokuzanɲamumpakazensijona	timujalaɟibeejisemuokuzanɲamumpakazensijona	dimujaɾaɾaɡibeɾjeisemokuzeɲamumfakaziɲasijœnda	0.37209302325581395
/scratch/jliebl/ASR_ComputEL/CV_VC_Data/lg_cv/clips/common_voice_lg_27533250.mp3	eːmpapulazaːbweːzonːaezobujiɟirizezaːjonoːnebwaːamataba	empapulazabwezonaezobujiɟirizezajononebwaamataba	empapulazabwezonaezobujiɟirizezajononebwaamataba	empaplasaabuonezowiɡilizazajoniwoneboamataba	0.3541666666666667
/scratch/jliebl/ASR_ComputEL/CV_VC_Data/lg_cv/clips/common_voice_lg_27974042.mp3	omulimugweːsudːeceːŋkanaci	omulimugwesudeceŋkanaci	omulimugwesudeceŋkanaci	omrimɡwesudacieᵑkanati	0.34782608695652173
/scratch/jliebl/ASR_ComputEL/CV_VC_Data/lg_cv/clips/common_voice_lg_27945686.mp3	museveniagasːeːkonticicamuamakaːmpuniamanenemugːwaːŋgaokukozesaegːaːlijoːmukːanamasanɲalazeokufunamuamagobaamaːɲɟi	museveniagasekonticicamuamakampuniamanenemugwaŋgaokukozesaegalijomukanamasanɲalazeokufunamuamagobaamaɲɟi	museveniagasekonticicamuamakampuniamanenemugwaŋgaokukozesaegalijomukanamasanɲalazeokufunamuamagobaamaɲɟi	suɲaɡasjokontcamamakamponeamaninimudaŋokozseɡaɾijuwomukanamasaɲaɾazwufunamunnoɡubanaje	0.4326923076923077
/scratch/jliebl/ASR_ComputEL/CV_VC_Data/lg_cv/clips/common_voice_lg_24778193.mp3	banːaɲinibizineːnsimuugaːndabanaːgaɲulwaːbatjaːmumusologwokumutiːmbagano	banaɲinibizinensimuugandabanagaɲulwabatjamumusologwokumutimbagano	banaɲinibizinensimuugandabanagaɲulwabatjamumusologwokumutimbagano	banaɲinibisneɾsemajubɡaⁿdabanaɡaɲuɾobatemomusoɾoɡwomutiᵐbaɡano	0.3384615384615385
/scratch/jliebl/ASR_ComputEL/CV_VC_Data/lg_cv/clips/common_voice_lg_28122221.mp3	ceconːontiokusoːndebwaːkwamagezimukunoːɲerezanaːmbeːrakweːsigaːmjeːkukubaːŋgawoenɲinɲonɲoleronokubuːzaebibuːzo	ceconontiokusondebwakwamagezimukunoɲerezanamberakwesigamjekukubaŋgawoenɲinɲonɲoleronokubuzaebibuzo	ceconontiokusondebwakwamagezimukunoɲerezanamberakwesigamjekukubaŋgawoenɲinɲonɲoleronokubuzaebibuzo	teconontioksoⁿdiwakwamaɡizimukonoɲunianaᵐbeiɾaɡweseɡamiɡukubaᵑawoeɲiɲoɲudidonokubuzebibuzo	0.3163265306122449
/scratch/jliebl/ASR_ComputEL/CV_VC_Data/lg_cv/clips/common_voice_lg_27918412.mp3	cetwaːkolakweːkugezaːkookwoːgerezegaɲanenationalaresistaːɲcemovemeːntabatulekenafːetutwaːleecomuːmjuːka	cetwakolakwekugezakookwogerezegaɲanenationalaresistaɲcemovementabatulekenafetutwaleecomumjuka	cetwakolakwekugezakookwogerezegaɲanenationalaresistaɲcemovementabatulekenafetutwaleecomumjuka	citwakolakwekuɡezakokwoɡeresaɡaɲaninaɕenmerisistesmuvmentbatulekenafetutwarecomumiuka	0.26881720430107525
/scratch/jliebl/ASR_ComputEL/CV_VC_Data/lg_cv/clips/common_voice_lg_27959163.mp3	amuriataabebjoːkweːriːndaokubadːeamaɟenepoliːsibamukutːenebamuteːkamumːotokajaːbweː	amuriataabebjokwerindaokubadeamaɟenepolisibamukutenebamutekamumotokajabwe	amuriataabebjokwerindaokubadeamaɟenepolisibamukutenebamutekamumotokajabwe	amuɾijatabebjokoelindaokubadeamaɟenepoɾisbamokutenebamutekamumotwajabwe	0.136986301369863
/scratch/jliebl/ASR_ComputEL/CV_VC_Data/lg_cv/clips/common_voice_lg_27844057.mp3	ebjoːjabjoːgeraasoːŋgakumutiogwaːlikukasozimumaːso	ebjojabjogeraasoŋgakumutiogwalikukasozimumaso	ebjojabjogeraasoŋgakumutiogwalikukasozimumaso	ebiabjoɡeɾasoŋakumutijoɡwaɾikukasozimumaso	0.2222222222222222
/scratch/jliebl/ASR_ComputEL/CV_VC_Data/lg_cv/clips/common_voice_lg_28015143.mp3	bulilunakujalinaokufuːmbaokweːranokwoːlezawaːmbwaː	bulilunakujalinaokufumbaokweranokwolezawambwa	bulilunakujalinaokufumbaokweranokwolezawambwa	bujuɾunakojaɾinookufuᵐbaokweɾanokuoɾezaaᵐbwa	0.26666666666666666
/scratch/jliebl/ASR_ComputEL/CV_VC_Data/lg_cv/clips/common_voice_lg_27957090.mp3	ciruːɲɟiojigekumwoːjoamanɲagaboabaːfiːriraedːiːni	ciruɲɟiojigekumwojoamanɲagaboabafiriraedini	ciruɲɟiojigekumwojoamanɲagaboabafiriraedini	tiɾruᶮɟoiɡekumojoamaɲaɡaoabafiliedini	0.3023255813953488
/scratch/jliebl/ASR_ComputEL/CV_VC_Data/lg_cv/clips/common_voice_lg_27936331.mp3	okuleːbezaceci	okulebezaceci	okulebezaceci	ukuɾebezaceci	0.15384615384615385
/scratch/jliebl/ASR_ComputEL/CV_VC_Data/lg_cv/clips/common_voice_lg_27177016.mp3	eːŋguːdoziweːredːwaːjookuziːmbibwaː	eŋgudoziweredwajookuzimbibwa	eŋgudoziweredwajookuzimbibwa	eᵑɡodwaziwaredwajookozeᵐbeba	0.39285714285714285
/scratch/jliebl/ASR_ComputEL/CV_VC_Data/lg_cv/clips/common_voice_lg_28226882.mp3	lowoːzakumbeːraŋgolinaomuːntugwonoːɲaŋgalimubaːntubaːɲɟi	lowozakumberaŋgolinaomuntugwonoɲaŋgalimubantubaɲɟi	lowozakumberaŋgolinaomuntugwonoɲaŋgalimubantubaɲɟi	lowozakumbeɾaŋoɾinomuntuɡonoɲaŋaɾimobandibanɡe	0.28
/scratch/jliebl/ASR_ComputEL/CV_VC_Data/lg_cv/clips/common_voice_lg_28077795.mp3	ebifoeːnsoːnzimweːzibeːramumazːicijitibwaːntogero	ebifoensonzimweziberamumazicijitibwantogero	ebifoensonzimweziberamumazicijitibwantogero	epifoensonzmweziberamomaicitibwantoɡelo	0.18604651162790697
/scratch/jliebl/ASR_ComputEL/CV_VC_Data/lg_cv/clips/common_voice_lg_27833031.mp3	eːŋguːdoeːmbizirinaokukolebwaː	eŋgudoembizirinaokukolebwa	eŋgudoembizirinaokukolebwa	eᵑɡudeᵐbizidinokkodewa	0.34615384615384615
/scratch/jliebl/ASR_ComputEL/CV_VC_Data/lg_cv/clips/common_voice_lg_27343157.mp3	waliwoeciteːsoecakolebwaːmuŋkumibːirimukːuminebiriokugoːɲɟoːlaeːnsoːŋgazetːaka	waliwoecitesoecakolebwamuŋkumibirimukuminebiriokugoɲɟolaensoŋgazetaka	waliwoecitesoecakolebwamuŋkumibirimukuminebiriokugoɲɟolaensoŋgazetaka	weɾwecteseekjakoɾebamukumibiɾimokuminebiduekuɡonɟihoɾiinsuŋatsitaka	0.4057971014492754
/scratch/jliebl/ASR_ComputEL/CV_VC_Data/lg_cv/clips/common_voice_lg_27783691.mp3	olwaːliolwoːŋgaomusibeamegːasːuːnaecigwoː	olwaliolwoŋgaomusibeamegasunaecigwo	olwaliolwoŋgaomusibeamegasunaecigwo	uɾibaɾiuɾoŋowumusibamentiɡasuneikiɡu	0.6285714285714286
/scratch/jliebl/ASR_ComputEL/CV_VC_Data/lg_cv/clips/common_voice_lg_28169910.mp3	olutiːndolwaːjonoːnebwaːmukuzːaːjoabanoːɲiboːbubudamu	olutindolwajononebwamukuzajoabanoɲibobubudamu	olutindolwajononebwamukuzajoabanoɲibobubudamu	uɾutiⁿdoɾwajonewonebuamukuzaɾabanoŋbobubudamwe	0.28888888888888886
/scratch/jliebl/ASR_ComputEL/CV_VC_Data/lg_cv/clips/common_voice_lg_28181710.mp3	tːewalikukoːntanakwoːnːawabulawaliwoabaːntusːecinːoːmuabeːnoːɲezaebjaːbweː	tewalikukontanakwonawabulawaliwoabantusecinomuabenoɲezaebjabwe	tewalikukontanakwonawabulawaliwoabantusecinomuabenoɲezaebjabwe	tiwaɾikuontanakonnawabuɾawaɾiwabantsecnomabenoɲezebjabo	0.22580645161290322
/scratch/jliebl/ASR_ComputEL/CV_VC_Data/lg_cv/clips/common_voice_lg_28224137.mp3	ciecireːteraabavubukaokuwasakumjaːkaemito	ciecireteraabavubukaokuwasakumjakaemito	ciecireteraabavubukaokuwasakumjakaemito	ciecideteⁿdaabafuɾbukaokwasakomjakeemito	0.20512820512820512
/scratch/jliebl/ASR_ComputEL/CV_VC_Data/lg_cv/clips/common_voice_lg_28223271.mp3	minisitaomubeːziowabakozimweːsigwaːrukutanaajiːmbudːwaːkukakalukakːoːti	minisitaomubeziowabakozimwesigwarukutanaajimbudwakukakalukakoti	minisitaomubeziowabakozimwesigwarukutanaajimbudwakukakalukakoti	ninistombezowabakozimoeswaɾokuntanaaimbudokakalukakoti	0.25396825396825395
/scratch/jliebl/ASR_ComputEL/CV_VC_Data/lg_cv/clips/common_voice_lg_28209620.mp3	abaːkafuːmbirigaːnwaːbeːtaːgaokweːtːanirajiːnsuwajobulamuokuteːkateːkeraamakagaːbweː	abakafumbiriganwabetagaokwetanirajinsuwajobulamuokutekatekeraamakagabwe	abakafumbiriganwabetagaokwetanirajinsuwajobulamuokutekatekeraamakagabwe	abakafumbiɾwanabetaɡokwetandilajensuajubulamoktekeɾatekeɾamakaɡabuŋo	0.29577464788732394
/scratch/jliebl/ASR_ComputEL/CV_VC_Data/lg_cv/clips/common_voice_lg_28163875.mp3	eramubiseːraebjoːjalimwaːvu	eramubiseraebjojalimwavu	eramubiseraebjojalimwavu	edamubisedebjojalimoav	0.20833333333333334
/scratch/jliebl/ASR_ComputEL/CV_VC_Data/lg_cv/clips/common_voice_lg_27800434.mp3	sikweːrobozaːmuabobokːagːweːbomaɲintimulibaciːɲwiːcimu	sikwerobozamuabobokagwebomaɲintimulibaciɲwicimu	sikwerobozamuabobokagwebomaɲintimulibaciɲwicimu	sikwelobozamwabobokaɡwebomaɲintimudibaciɲwicimu	0.0851063829787234
/scratch/jliebl/ASR_ComputEL/CV_VC_Data/lg_cv/clips/common_voice_lg_28080924.mp3	kabakaakozeeːɲcukacukamubaminisita	kabakaakozeeɲcukacukamubaminisita	kabakaakozeeɲcukacukamubaminisita	kabakakozenxjukacukambaminista	0.18181818181818182
/scratch/jliebl/ASR_ComputEL/CV_VC_Data/lg_cv/clips/common_voice_lg_28136181.mp3	ateːberezebwaːokuzːaomusaːŋgojateːredːwaːleːro	ateberezebwaokuzaomusaŋgojateredwalero	ateberezebwaokuzaomusaŋgojateredwalero	atebeɾezebokuzomsaŋojateɾedwadiɾu	0.2894736842105263
/scratch/jliebl/ASR_ComputEL/CV_VC_Data/lg_cv/clips/common_voice_lg_28215300.mp3	ebifakuciwaːndiːkokudːibaemabegawecitabo	ebifakuciwandikokudibaemabegawecitabo	ebifakuciwandikokudibaemabegawecitabo	ebifakukiwandikokudibaemabeɡawectabo	0.08108108108108109
/scratch/jliebl/ASR_ComputEL/CV_VC_Data/lg_cv/clips/common_voice_lg_24724624.mp3	namaːlwaːaterakutucalirakomuluwumːulalwaːnteːmvu	namalwaaterakutucalirakomuluwumulalwantemvu	namalwaaterakutucalirakomuluwumulalwantemvu	namarwateraktucarirakomorummularwanteemvu	0.23255813953488372
/scratch/jliebl/ASR_ComputEL/CV_VC_Data/lg_cv/clips/common_voice_lg_25467851.mp3	waɟːakubaːwoeːŋkulaːkulanamubjeːntaːmbula	waɟakubawoeŋkulakulanamubjentambula	waɟakubawoeŋkulakulanamubjentambula	wedjakubaweukuɾakuɾanamobientambuɾa	0.2857142857142857
/scratch/jliebl/ASR_ComputEL/CV_VC_Data/lg_cv/clips/common_voice_lg_28117066.mp3	mbuːliraemizizoebirikumweːŋgeomugaːnda	mbuliraemizizoebirikumweŋgeomuganda	mbuliraemizizoebirikumweŋgeomuganda	mbuɾiɾemizazaabiɾikumweŋoumuɡanda	0.3142857142857143
/scratch/jliebl/ASR_ComputEL/CV_VC_Data/lg_cv/clips/common_voice_lg_28231575.mp3	ebiziːmbebjecaloomutuːzibwaːeːɲciːkobjoːnːabigːaleeriaboababjeːkwaːtaokutuːsaŋgawaliwoeciraːɲɟiridːwaːmumaːsoejo	ebizimbebjecaloomutuzibwaeɲcikobjonabigaleeriaboababjekwataokutusaŋgawaliwoeciraɲɟiridwamumasoejo	ebizimbebjecaloomutuzibwaeɲcikobjonabigaleeriaboababjekwataokutusaŋgawaliwoeciraɲɟiridwamumasoejo	ebiiᵐbebjecaloomutuziɡencikobjonnabiɡaɾieɾiaboabajekwataokotuusaᵑɡawadiwoiciɾaᵑɡiɾidomasoejo	0.26804123711340205
/scratch/jliebl/ASR_ComputEL/CV_VC_Data/lg_cv/clips/common_voice_lg_27871651.mp3	kabogozasimonamuwaːŋgaebjeːŋkulaːkulanajabisomeramuugaːndamartjrsauniversiti	kabogozasimonamuwaŋgaebjeŋkulakulanajabisomeramuugandamartjrsauniversiti	kabogozasimonamuwaŋgaebjeŋkulakulanajabisomeramuugandamartjrsauniversiti	kavoɡozasainmundimwaŋaebenkulakulanejabisomeɾamuijuɡandemmɐrcasunivarsite	0.3472222222222222
/scratch/jliebl/ASR_ComputEL/CV_VC_Data/lg_cv/clips/common_voice_lg_27801214.mp3	esːaːwaekːuminabːiriokutuːkakuemugemacagobudːe	esawaekuminabiriokutukakuemugemacagobude	esawaekuminabiriokutukakuemugemacagobude	esawaekuminabiɾioktukakuemuɡemacatbude	0.125
/scratch/jliebl/ASR_ComputEL/CV_VC_Data/lg_cv/clips/common_voice_lg_28003958.mp3	eːmvubunekaːbanɲo	emvubunekabanɲo	emvubunekabanɲo	emvubunekahabanjuŋ	0.3333333333333333
/scratch/jliebl/ASR_ComputEL/CV_VC_Data/lg_cv/clips/common_voice_lg_28136473.mp3	omusaɟːaojoefːumuerjoːjaliroːndaageːnzeokuziga	omusaɟaojoefumuerjojalirondaagenzeokuziga	omusaɟaojoefumuerjojalirondaagenzeokuziga	umsaɟojoefumerijaɟiliondaɡenzokuziɡa	0.3170731707317073
/scratch/jliebl/ASR_ComputEL/CV_VC_Data/lg_cv/clips/common_voice_lg_27956878.mp3	eciluːɲɟinamasavugeːŋkoːliːmboagazirimumatonodːalanolweːcozamugasoeriomubiri	eciluɲɟinamasavugeŋkolimboagazirimumatonodalanolwecozamugasoeriomubiri	eciluɲɟinamasavugeŋkolimboagazirimumatonodalanolwecozamugasoeriomubiri	eciluᶮɟinamasavaɡekiluᶮɟnamasavɡiᵑkoodiᵐboakazidimumatonoddalanoolwecozamɡasediomubi	0.45714285714285713
/scratch/jliebl/ASR_ComputEL/CV_VC_Data/lg_cv/clips/common_voice_lg_27993823.mp3	muciraɟiroecafulumamuwoːfiːsijakabakaecenːono	muciraɟiroecafulumamuwofisijakabakaecenono	muciraɟiroecafulumamuwofisijakabakaecenono	mociɾaɡiroecafrumamwafisijakawakaejienmonu	0.2857142857142857
/scratch/jliebl/ASR_ComputEL/CV_VC_Data/lg_cv/clips/common_voice_lg_27312346.mp3	eːŋguːdozirumuebinɲabiːɲɟinɲo	eŋgudozirumuebinɲabiɲɟinɲo	eŋgudozirumuebinɲabiɲɟinɲo	eᵑɡodoinemoebiɲabiᶮɟiɲo	0.38461538461538464
/scratch/jliebl/ASR_ComputEL/CV_VC_Data/lg_cv/clips/common_voice_lg_27581879.mp3	abasiːŋgaobuːɲɟibweːtubatuwaːndiːkatuwaːndiːkaecocetumaɲi	abasiŋgaobuɲɟibwetubatuwandikatuwandikaecocetumaɲi	abasiŋgaobuɲɟibwetubatuwandikatuwandikaecocetumaɲi	abasiᵑɡobuᶮɟibotubatwaⁿdikatwaⁿdikeciocetomaɲe	0.28
/scratch/jliebl/ASR_ComputEL/CV_VC_Data/lg_cv/clips/common_voice_lg_25579568.mp3	eciruːbirirwaːcabweːnecigeːndererwaːbiraːmbikaeːŋkulaːkulana	ecirubirirwacabwenecigendererwabirambikaeŋkulakulana	ecirubirirwacabwenecigendererwabirambikaeŋkulakulana	ecubiridwacawenecbeⁿdededwabilaᵐbikeᵑkulakulana	0.25
/scratch/jliebl/ASR_ComputEL/CV_VC_Data/lg_cv/clips/common_voice_lg_27892327.mp3	omusawomukalwaːlirojamusiːndisemudːwaːliroeririokuːmpi	omusawomukalwalirojamusindisemudwaliroeririokumpi	omusawomukalwalirojamusindisemudwaliroeririokumpi	umsaumkalwarirejemusindiseɡmudariroiridiokumpi	0.2653061224489796
/scratch/jliebl/ASR_ComputEL/CV_VC_Data/lg_cv/clips/common_voice_lg_27976611.mp3	ecokuwaːmbaebibaːɲɟabjaːbweːnokusaːɲaːwoemːerejaːbweːtecikolamakulu	ecokuwambaebibaɲɟabjabwenokusaɲawoemerejabwetecikolamakulu	ecokuwambaebibaɲɟabjabwenokusaɲawoemerejabwetecikolamakulu	ecukumambaibibaŋeɾjabwenousaɲawemiɾejabwekicikonamakubu	0.25862068965517243
/scratch/jliebl/ASR_ComputEL/CV_VC_Data/lg_cv/clips/common_voice_lg_24585123.mp3	pacirakasasirojenːamukakutijaakoomutwaːlekukːubo	pacirakasasirojenamukakutijaakoomutwalekukubo	pacirakasasirojenamukakutijaakoomutwalekukubo	pakidakasasiɾojennakakutijakoomutwadikokubo	0.2222222222222222
/scratch/jliebl/ASR_ComputEL/CV_VC_Data/lg_cv/clips/common_voice_lg_28155979.mp3	abazːebebaːfuɲeobubakaobubajita	abazebebafuɲeobubakaobubajita	abazebebafuɲeobubakaobubajita	abazsebebafuɲobbakobubaica	0.20689655172413793
/scratch/jliebl/ASR_ComputEL/CV_VC_Data/lg_cv/clips/common_voice_lg_27540169.mp3	bːaːsieːmjuːfunejolekeraecibuga	basiemjufunejolekeraecibuga	basiemjufunejolekeraecibuga	basiemifunejɔrikedɑicibuɡɑ	0.37037037037037035
/scratch/jliebl/ASR_ComputEL/CV_VC_Data/lg_cv/clips/common_voice_lg_27698777.mp3	waːmpologomanakuljaːeranawomerwaːnɲo	wampologomanakuljaeranawomerwanɲo	wampologomanakuljaeranawomerwanɲo	wampoɾɡomanakuljaenɾanawuomiwaɲɲo	0.2727272727272727
/scratch/jliebl/ASR_ComputEL/CV_VC_Data/lg_cv/clips/common_voice_lg_28199873.mp3	obadːeolinandowoːzacikuciːntueco	obadeolinandowozacikucintueco	obadeolinandowozacikucintueco	ovadolinandozakikucetweɡe	0.3448275862068966
/scratch/jliebl/ASR_ComputEL/CV_VC_Data/lg_cv/clips/common_voice_lg_27453025.mp3	obuzaːjomːekakubisalebjesːomero	obuzajomekakubisalebjesomero	obuzajomekakubisalebjesomero	obuzajomekakubisalebiessomeɾo	0.10714285714285714
/scratch/jliebl/ASR_ComputEL/CV_VC_Data/lg_cv/clips/common_voice_lg_28068008.mp3	bukuluwafːuːmbeeranabaːnabebafːuːmbe	bukuluwafumbeeranabanabebafumbe	bukuluwafumbeeranabanabebafumbe	bukuluafumbdanabanaøvafumbe	0.22580645161290322
/scratch/jliebl/ASR_ComputEL/CV_VC_Data/lg_cv/clips/common_voice_lg_27929941.mp3	poliːsierabudːeomuːntujenːaategeseokweːrajiza	polisierabudeomuntujenaategeseokwerajiza	polisierabudeomuntujenaategeseokwerajiza	podisieraɡdeomuntujennaateɡeseokwerajiza	0.125
/scratch/jliebl/ASR_ComputEL/CV_VC_Data/lg_cv/clips/common_voice_lg_27877237.mp3	baːgalaeːnsiokusigalaŋgebakciririzaːmu	bagalaensiokusigalaŋgebakciririzamu	bagalaensiokusigalaŋgebakciririzamu	maɡaɾinziokusiɡalaŋasebakeɾibizam	0.4
/scratch/jliebl/ASR_ComputEL/CV_VC_Data/lg_cv/clips/common_voice_lg_27814239.mp3	olowoːzaonaːbitegeːraŋgatosobolakubjeːsomera	olowozaonabitegeraŋgatosobolakubjesomera	olowozaonabitegeraŋgatosobolakubjesomera	olowozonobiteɡeɾaŋatosobolakubiesomeda	0.175
/scratch/jliebl/ASR_ComputEL/CV_VC_Data/lg_cv/clips/common_voice_lg_28016783.mp3	ebifoebiroːndedːwaːkulikosːeːntebeomuːmjuːkawasːeːntebeomuwaːndiːsiomuwanikanoweːbjoːkweːriːnda	ebifoebirondedwakulikosentebeomumjukawasentebeomuwandisiomuwanikanowebjokwerinda	ebifoebirondedwakulikosentebeomumjukawasentebeomuwandisiomuwanikanowebjokwerinda	ebifebiluoⁿdidwokulikosentebeumjukawasentebemwaⁿdisiomwanikanowebjokweɾiⁿda	0.175
/scratch/jliebl/ASR_ComputEL/CV_VC_Data/lg_cv/clips/common_voice_lg_28080091.mp3	cimeramutabaniwamulaːɲɟirakalemeːraoːmwaːnawachwai	cimeramutabaniwamulaɲɟirakalemeraomwanawachwai	cimeramutabaniwamulaɲɟirakalemeraomwanawachwai	timeɾamutabaniwamoɾaᵑɡidakalemeɾaumwanawacwaasoka	0.32608695652173914
/scratch/jliebl/ASR_ComputEL/CV_VC_Data/lg_cv/clips/common_voice_lg_28090343.mp3	linoljerinɲaljomukuluwesːomeroljaːbweː	linoljerinɲaljomukuluwesomeroljabwe	linoljerinɲaljomukuluwesomeroljabwe	iⁿdodiediɲariomokulwesomedoriaɡwe	0.42857142857142855
/scratch/jliebl/ASR_ComputEL/CV_VC_Data/lg_cv/clips/common_voice_lg_28095567.mp3	waɟːakubaːwoeːntuːlazakːoːtitːaːnomumukonombalemasakampiɟineɟiːɲɟa	waɟakubawoentulazakotitanomumukonombalemasakampiɟineɟiɲɟa	waɟakubawoentulazakotitanomumukonombalemasakampiɟineɟiɲɟa	waroɟaɾakubaoentulazaakottanomumukonobaremasakapiɟneɟenɟa	0.22807017543859648
/scratch/jliebl/ASR_ComputEL/CV_VC_Data/lg_cv/clips/common_voice_lg_28128658.mp3	eːnsoːŋgazabacalaziteraokuteːkebwaːkumwaːɲɟomucituːndu	ensoŋgazabacalaziteraokutekebwakumwaɲɟomucitundu	ensoŋgazabacalaziteraokutekebwakumwaɲɟomucitundu	ensoŋazabacaɾaziteɾeokutekebwakumwanjomukitundu	0.14583333333333334
/scratch/jliebl/ASR_ComputEL/CV_VC_Data/lg_cv/clips/common_voice_lg_28017388.mp3	cinomunːamateːkamulaːɲɟiraaciwakaɲizːanategeːzantitewalibukakafubulagantirukutanaaɟːakutaːtaːgaɲaobuɟːulizi	cinomunamatekamulaɲɟiraaciwakaɲizanategezantitewalibukakafubulagantirukutanaaɟakutatagaɲaobuɟulizi	cinomunamatekamulaɲɟiraaciwakaɲizanategezantitewalibukakafubulagantirukutanaaɟakutatagaɲaobuɟulizi	cinomunamatekamudaŋiɾacwakaɲizanateɡezantitewaɾibukakafubulaɡantiɾuputanaɟaputataɡaɲubuɟuɾisi	0.1836734693877551
/scratch/jliebl/ASR_ComputEL/CV_VC_Data/lg_cv/clips/common_voice_lg_28160244.mp3	cibinɲookweːːbakakusːaːwabːiriezecironozuːkukakusːatuezeːɲca	cibinɲookwebakakusawabiriezecironozukukakusatuezeɲca	cibinɲookwebakakusawabiriezecironozukukakusatuezeɲca	kibiɲookwebakakusawabiɾezecɾonuzukwakusawasatuezenxja	0.3076923076923077
/scratch/jliebl/ASR_ComputEL/CV_VC_Data/lg_cv/clips/common_voice_lg_28224903.mp3	batukwaːsaobweːtwaːzeobwecikwaːŋgala	batukwasaobwetwazeobwecikwaŋgala	batukwasaobwetwazeobwecikwaŋgala	bardɡwasoɡwetwazeuwecekwaŋaɾa	0.3125
/scratch/jliebl/ASR_ComputEL/CV_VC_Data/lg_cv/clips/common_voice_lg_28001167.mp3	abaːntubabuɲisaobubakaobucamukubeːsiːmbjeːwoeciviːrakoeːɲɟawukanaŋgokuloːndatekunːatuːka	abantubabuɲisaobubakaobucamukubesimbjewoecivirakoeɲɟawukanaŋgokulondatekunatuka	abantubabuɲisaobubakaobucamukubesimbjewoecivirakoeɲɟawukanaŋgokulondatekunatuka	abantubaboɲesaobubakaobuciamokbessiᵐbieoecividakoenɟaukanaᵑɡokuloⁿdatekunnatuka	0.20253164556962025
/scratch/jliebl/ASR_ComputEL/CV_VC_Data/lg_cv/clips/common_voice_lg_24556763.mp3	omusirikaleakuːmawojejasoːkaːŋgaokutugɟakoamasimugafːeŋgatetunːajiːɲɟira	omusirikaleakumawojejasokaŋgaokutugɟakoamasimugafeŋgatetunajiɲɟira	omusirikaleakumawojejasokaŋgaokutugɟakoamasimugafeŋgatetunajiɲɟira	omusidikareakumaojejasokaᵑɡokutuɡjakamasimoɡafeᵑɡatetunnajiᵑɡiɾa	0.25757575757575757
/scratch/jliebl/ASR_ComputEL/CV_VC_Data/lg_cv/clips/common_voice_lg_28224705.mp3	geːndaoleːteecitabociri	gendaoleteecitabociri	gendaoleteecitabociri	ɡenuretectabocidi	0.38095238095238093
/scratch/jliebl/ASR_ComputEL/CV_VC_Data/lg_cv/clips/common_voice_lg_28009042.mp3	oːmwaːnajamutwaːlamudːwaːlironajetwaːlitetumaɲintianaːwona	omwanajamutwalamudwalironajetwalitetumaɲintianawona	omwanajamutwalamudwalironajetwalitetumaɲintianawona	umwanajamtwalamdwarilonahetwaritetumaɲintianauna	0.17647058823529413
/scratch/jliebl/ASR_ComputEL/CV_VC_Data/lg_cv/clips/common_voice_lg_28139412.mp3	mbuːliraerinɲaljoːerjedːiːni	mbuliraerinɲaljoerjedini	mbuliraerinɲaljoerjedini	ᵐbudidaeriɲaɾjoeliedini	0.2916666666666667
/scratch/jliebl/ASR_ComputEL/CV_VC_Data/lg_cv/clips/common_voice_lg_24809798.mp3	ebikolwaːebitakcirizibwaːbivumirirwaːkːoːti	ebikolwaebitakcirizibwabivumirirwakoti	ebikolwaebitakcirizibwabivumirirwakoti	ebikoɾebitakiɾizwabivumiliɾwakoti	0.23684210526315788
/scratch/jliebl/ASR_ComputEL/CV_VC_Data/lg_cv/clips/common_voice_lg_23905326.mp3	soːkaowulirizebjeːmbadːeŋkugaːmba	sokaowulirizebjembadeŋkugamba	sokaowulirizebjembadeŋkugamba	sokaulidizivembadenkuɡamba	0.27586206896551724
/scratch/jliebl/ASR_ComputEL/CV_VC_Data/lg_cv/clips/common_voice_lg_24709233.mp3	katikcirowafːemuluːɲɟinɲo	katikcirowafemuluɲɟinɲo	katikcirowafemuluɲɟinɲo	katikirowafemoruᶮɟiɲo	0.21739130434782608
/scratch/jliebl/ASR_ComputEL/CV_VC_Data/lg_cv/clips/common_voice_lg_28087105.mp3	eːndjaːŋgajeːnsawojomulamu	endjaŋgajensawojomulamu	endjaŋgajensawojomulamu	endiaŋgajinsawajumulamnu	0.21739130434782608
/scratch/jliebl/ASR_ComputEL/CV_VC_Data/lg_cv/clips/common_voice_lg_27947171.mp3	minisitacewalabjeːagaːmbjeːntimucalawebulicejalijeːtaːgaokukolaŋgamaːmajacikola	minisitacewalabjeagambjentimucalawebulicejalijetagaokukolaŋgamamajacikola	minisitacewalabjeagambjentimucalawebulicejalijetagaokukolaŋgamamajacikola	nimistacewaɾaɾjaɡambeiintemucanawebuɾitijaɾijetaɡokwoɾaŋamamajacikoɾa	0.3150684931506849
/scratch/jliebl/ASR_ComputEL/CV_VC_Data/lg_cv/clips/common_voice_lg_25421433.mp3	asabjeːokweːwolasːeːntemubaːŋkaokutaːndikawobizineːnsi	asabjeokwewolasentemubaŋkaokutandikawobizinensi	asabjeokwewolasentemubaŋkaokutandikawobizinensi	asabjokweolasentemubaŋkauktandikaobizinesi	0.1276595744680851
/scratch/jliebl/ASR_ComputEL/CV_VC_Data/lg_cv/clips/common_voice_lg_27997677.mp3	bweːneːsolosːamusːinijaolugeːndolwaːliluteresaeːmbwaːnokusiːŋgawenːalimupːulajimale	bwenesolosamusinijaolugendolwaliluteresaembwanokusiŋgawenalimupulajimale	bwenesolosamusinijaolugendolwaliluteresaembwanokusiŋgawenalimupulajimale	bwennesodosamosiniaulwendeluɛerduteresembwanokusiŋalinaripmuplejmaɡ	0.3333333333333333
/scratch/jliebl/ASR_ComputEL/CV_VC_Data/lg_cv/clips/common_voice_lg_28219052.mp3	abeːsiːmbjeːwonebibiːnabjebjoːbufuzibikuːŋgaababoːdaboːdanobukuːndibwaːbakaɲama	abesimbjewonebibinabjebjobufuzibikuŋgaababodabodanobukundibwabakaɲama	abesimbjewonebibinabjebjobufuzibikuŋgaababodabodanobukundibwabakaɲama	maabesiᵐbieonebibinabiebiobofuzibiɡoᵑaabodabruodanobokuoⁿdiwabakaɲama	0.2898550724637681
/scratch/jliebl/ASR_ComputEL/CV_VC_Data/lg_cv/clips/common_voice_lg_23810692.mp3	okuvalweːnajiːɲɟiramusːomerolinonafunaemikwaːnomiːɲɟi	okuvalwenajiɲɟiramusomerolinonafunaemikwanomiɲɟi	okuvalwenajiɲɟiramusomerolinonafunaemikwanomiɲɟi	okubarenaiᵑɡramusamerodinonakonemikwanomiᶮɟ	0.2916666666666667
/scratch/jliebl/ASR_ComputEL/CV_VC_Data/lg_cv/clips/common_voice_lg_27529462.mp3	ugaːndaefunaabanoːɲiboːbubudamuabapjaːkːumibulilunaku	ugandaefunaabanoɲibobubudamuabapjakumibulilunaku	ugandaefunaabanoɲibobubudamuabapjakumibulilunaku	juɡaⁿdefunabanoɲbobudamwabapjakumiɡuɾiɾunaku	0.25
/scratch/jliebl/ASR_ComputEL/CV_VC_Data/lg_cv/clips/common_voice_lg_23796995.mp3	ababadːebalowoːzantisiɟːuliramweːriːmba	ababadebalowozantisiɟuliramwerimba	ababadebalowozantisiɟuliramwerimba	ababadebalowozaantisiɟudidaᵑɡweriiᵐba	0.20588235294117646
/scratch/jliebl/ASR_ComputEL/CV_VC_Data/lg_cv/clips/common_voice_lg_27531375.mp3	abaːmibaːgaːmbjeːntibabeːrabakolanɲokunːnakuabacalakweːbageːnderaokuːɲwaːedːagala	abamibagambjentibaberabakolanɲokunnakuabacalakwebagenderaokuɲwaedagala	abamibagambjentibaberabakolanɲokunnakuabacalakwebagenderaokuɲwaedagala	abamebaɡambjentibabeɾabakoɾaɲɔkunnakuabacaɾakwebaɡendeɾaokuɲedaɡala	0.17142857142857143
/scratch/jliebl/ASR_ComputEL/CV_VC_Data/lg_cv/clips/common_voice_lg_27588713.mp3	omusaɟːajatabaːŋgulaomukwaːnogwaːbweː	omusaɟajatabaŋgulaomukwanogwabwe	omusaɟajatabaŋgulaomukwanogwabwe	umsaɟajatabaŋulaumkwanoɡwawe	0.21875
/scratch/jliebl/ASR_ComputEL/CV_VC_Data/lg_cv/clips/common_voice_lg_28161973.mp3	cisobokaeciraːmookusomebwaːmumaziːka	cisobokaeciramookusomebwamumazika	cisobokaeciramookusomebwamumazika	kisobokajeceɾamoksomiwamumazika	0.24242424242424243
/scratch/jliebl/ASR_ComputEL/CV_VC_Data/lg_cv/clips/common_voice_lg_28239045.mp3	omubakaaliomujekːaejaːkawaabaːntuobujaːmbibwemːeremuciseːracinoecacovida	omubakaaliomujekaejakawaabantuobujambibwemeremuciseracinoecacovida	omubakaaliomujekaejakawaabantuobujambibwemeremuciseracinoecacovida	umubakaaljomujekajakawaabantwbujandikeɡojeneɾemunjeiseɾakinikakovidi	0.36363636363636365
/scratch/jliebl/ASR_ComputEL/CV_VC_Data/lg_cv/clips/common_voice_lg_27904924.mp3	paːlameːntijaugaːndaetoːnzeːwozidisitulicitieːmpjaː	palamentijaugandaetonzewozidisitulicitiempja	palamentijaugandaetonzewozidisitulicitiempja	alamentejauɡaⁿdajatonzeosedistuliktiempa	0.29545454545454547
/scratch/jliebl/ASR_ComputEL/CV_VC_Data/lg_cv/clips/common_voice_lg_27764827.mp3	alipoːtajecitoːŋgolecebigezomugwaːŋgabweːjalaga	alipotajecitoŋgolecebigezomugwaŋgabwejalaga	alipotajecitoŋgolecebigezomugwaŋgabwejalaga	aripotaectoᵑɡolecebɡezomuɡwaᵑɡabweraɡa	0.32558139534883723
/scratch/jliebl/ASR_ComputEL/CV_VC_Data/lg_cv/clips/common_voice_lg_24539419.mp3	eːŋkolajomusomesaonoomupjaːesiːŋgakujojoabadːewo	eŋkolajomusomesaonoomupjaesiŋgakujojoabadewo	eŋkolajomusomesaonoomupjaesiŋgakujojoabadewo	iŋkonɾanjumnsomesonomukjakesiŋgakujujoabado	0.29545454545454547
/scratch/jliebl/ASR_ComputEL/CV_VC_Data/lg_cv/clips/common_voice_lg_28131789.mp3	ndimusaɲufunɲontiabaːnabaːsobodːeokuwonaokufa	ndimusaɲufunɲontiabanabasobodeokuwonaokufa	ndimusaɲufunɲontiabanabasobodeokuwonaokufa	limusanifoɡinunkjaaŋanabasobodokunokufa	0.40476190476190477
/scratch/jliebl/ASR_ComputEL/CV_VC_Data/lg_cv/clips/common_voice_lg_28057448.mp3	abawulirizaabatakcirizigaɲanamwoːgezitecitegeːzantibababasiru	abawulirizaabatakcirizigaɲanamwogezitecitegezantibababasiru	abawulirizaabatakcirizigaɲanamwogezitecitegezantibababasiru	abauɾiɾizaabatakɾizɡaɲanamoɡezidakitaɡezantibababasiɾu	0.2711864406779661
/scratch/jliebl/ASR_ComputEL/CV_VC_Data/lg_cv/clips/common_voice_lg_28180774.mp3	tejajiːnzaːŋgakuːmweːsiːmbakoatenadːalasiːŋgajabaːŋgaomuleːnzi	tejajinzaŋgakumwesimbakoatenadalasiŋgajabaŋgaomulenzi	tejajinzaŋgakumwesimbakoatenadalasiŋgajabaŋgaomulenzi	daainzaŋakumwesimbakoatenadalasiŋgajabaŋgaumlenzi	0.1320754716981132
/scratch/jliebl/ASR_ComputEL/CV_VC_Data/lg_cv/clips/common_voice_lg_27870076.mp3	toːɲwaːtaːbasigalamweːŋgeobaebiragalalagalaŋgolowoːzantibinaːkukːakːaɲaebirowoːzo	toɲwatabasigalamweŋgeobaebiragalalagalaŋgolowozantibinakukakaɲaebirowozo	toɲwatabasigalamweŋgeobaebiragalalagalaŋgolowozantibinakukakaɲaebirowozo	toɲwatabasiɡalamweŋeoɧwebilaɡelaɡalebolozantibinakokakaɲebidowozu	0.2638888888888889
/scratch/jliebl/ASR_ComputEL/CV_VC_Data/lg_cv/clips/common_voice_lg_27991043.mp3	okuweːsakwaːtaːndiciramubugaːndaobabuɲoro	okuwesakwatandiciramubugandaobabuɲoro	okuwesakwatandiciramubugandaobabuɲoro	hokuosakwataⁿndikiɾamobuɡaⁿdaobamubuoɲɲolo	0.3783783783783784
/scratch/jliebl/ASR_ComputEL/CV_VC_Data/lg_cv/clips/common_voice_lg_27764947.mp3	obuteːsabwomujiːjakumbeːraejeːtaːgaokucusibwaː	obutesabwomujijakumberaejetagaokucusibwa	obutesabwomujijakumberaejetagaokucusibwa	obutesawomjijakumeɾejetsabokcusiba	0.25
/scratch/jliebl/ASR_ComputEL/CV_VC_Data/lg_cv/clips/common_voice_lg_28220490.mp3	olwokubaŋgacalimuabatemubaːɲɟiabatːiraːŋgamuabaːntucavaːkookucituːmaerinɲabalisaːŋgacibugo	olwokubaŋgacalimuabatemubaɲɟiabatiraŋgamuabantucavakookucitumaerinɲabalisaŋgacibugo	olwokubaŋgacalimuabatemubaɲɟiabatiraŋgamuabantucavakookucitumaerinɲabalisaŋgacibugo	olokubaŋawocaɾimuabatimubanɟjiabatidaŋamuabandtucavakokcitumaeɾimjabaɾisaŋacibuɡu	0.24096385542168675
/scratch/jliebl/ASR_ComputEL/CV_VC_Data/lg_cv/clips/common_voice_lg_28189366.mp3	okusoːkeradːalatweːbazabakadːebafːeabaːgalwaːolwokufaːjonebatufuniraeːnsiːmbiezitujaːmbjeːkomukunoːɲerezakwaːfːe	okusokeradalatwebazabakadebafeabagalwaolwokufajonebatufuniraensimbiezitujambjekomukunoɲerezakwafe	okusokeradalatwebazabakadebafeabagalwaolwokufajonebatufuniraensimbiezitujambjekomukunoɲerezakwafe	oksoɡaɾadatwebazawakadebafabaɡawaoɾokfajonebatfuniɾensiɲumbezeitujambijekomuɡonoɲiɾezakwafe	0.25773195876288657
/scratch/jliebl/ASR_ComputEL/CV_VC_Data/lg_cv/clips/common_voice_lg_27841472.mp3	magobweːgweːmusotaoguzaːlibwaːomuːntu	magobwegwemusotaoguzalibwaomuntu	magobwegwemusotaoguzalibwaomuntu	maɡoweɡwemosotaoɡuzaribwaomuntu	0.1875
/scratch/jliebl/ASR_ComputEL/CV_VC_Data/lg_cv/clips/common_voice_lg_27753922.mp3	eciriːndiridːwaːkweːkulabaobagavumeːntienaːtuːcirizaecisuːubizopulezideːntimusevenicejakola	ecirindiridwakwekulabaobagavumentienatucirizaecisuubizopulezidentimusevenicejakola	ecirindiridwakwekulabaobagavumentienatucirizaecisuubizopulezidentimusevenicejakola	eciliⁿdiridwakwekulabobaɡavmetienatukiiaecesubizoplesdentimseenceakola	0.21951219512195122
/scratch/jliebl/ASR_ComputEL/CV_VC_Data/lg_cv/clips/common_voice_lg_28155224.mp3	eːmjoːlesoɟebjoːbusuːbuziɟijaːmbabanɲinikːaːmpuniokufuniraebjaːmaguzibjaːbweːakatale	emjolesoɟebjobusubuziɟijambabanɲinikampuniokufuniraebjamaguzibjabweakatale	emjolesoɟebjobusubuziɟijambabanɲinikampuniokufuniraebjamaguzibjabweakatale	emijolesoɡiebjoɡusubuziɡiambabanaɲinikampuniopfunidebjamaɡuzibiabwakatanum	0.22972972972972974
/scratch/jliebl/ASR_ComputEL/CV_VC_Data/lg_cv/clips/common_voice_lg_27800063.mp3	kumuljaːŋgogwakatalewaːliwoomukaziejaliatuːndaabiɟaːɲɟaːloobuːmpwaːɲciːmpwaːci	kumuljaŋgogwakatalewaliwoomukaziejaliatundaabiɟaɲɟaloobumpwaɲcimpwaci	kumuljaŋgogwakatalewaliwoomukaziejaliatundaabiɟaɲɟaloobumpwaɲcimpwaci	kumuɾjaŋoɡwakataɾewaɾiwomkazejaɾjatuⁿdeebiɟanɟjaloobumpwancimpwac	0.2463768115942029
/scratch/jliebl/ASR_ComputEL/CV_VC_Data/lg_cv/clips/common_voice_lg_27804726.mp3	jataːndicirakumimera	jatandicirakumimera	jatandicirakumimera	jatandikiɾakomimeɾa	0.21052631578947367
/scratch/jliebl/ASR_ComputEL/CV_VC_Data/lg_cv/clips/common_voice_lg_28090357.mp3	kalembuːliraakasaːsaːnoakaːgwaːewuwoakabaːntuabaːɲɟibanoabaːlibalwaːnakaːlikatjaː	kalembuliraakasasanoakagwaewuwoakabantuabaɲɟibanoabalibalwanakalikatja	kalembuliraakasasanoakagwaewuwoakabantuabaɲɟibanoabalibalwanakalikatja	kalembuɾiɾakasasanakaɡwewuoakabantwabaᶮɟibanoabaɾibaɾuanakalikatia	0.18571428571428572
/scratch/jliebl/ASR_ComputEL/CV_VC_Data/lg_cv/clips/common_voice_lg_28133733.mp3	abasobamubikumibisatubafuɲeebjaːpa	abasobamubikumibisatubafuɲeebjapa	abasobamubikumibisatubafuɲeebjapa	abasobambikoumirisatubafoɲeebjapa	0.12121212121212122
/scratch/jliebl/ASR_ComputEL/CV_VC_Data/lg_cv/clips/common_voice_lg_28247522.mp3	obugaːmboobulagaobwaːnːanɲininabwoːbuwaːndiːcibwaːŋgabulibwoːkːa	obugamboobulagaobwananɲininabwobuwandicibwaŋgabulibwoka	obugamboobulagaobwananɲininabwobuwandicibwaŋgabulibwoka	hubɡambobulaɡobwanɛmininababowuandikiwaŋabulibuka	0.34545454545454546
/scratch/jliebl/ASR_ComputEL/CV_VC_Data/lg_cv/clips/common_voice_lg_28149585.mp3	jamubuːliraːŋgabweːjalinabazibuːmbiratanːamutikːatːuljaːmugema	jamubuliraŋgabwejalinabazibumbiratanamutikatuljamugema	jamubuliraŋgabwejalinabazibumbiratanamutikatuljamugema	jamubujaŋajabinabazimbfbabazimbuɾiɾanatamtikakutuljahoɡema	0.48148148148148145
/scratch/jliebl/ASR_ComputEL/CV_VC_Data/lg_cv/clips/common_voice_lg_28095923.mp3	bikujaːmbaokukuːmabuluːɲɟiomubirigwoːokweːtaːɲɟiraecirwaːdːecinoecasːenɲigaomukaːmbweː	bikujambaokukumabuluɲɟiomubirigwookwetaɲɟiraecirwadecinoecasenɲigaomukambwe	bikujambaokukumabuluɲɟiomubirigwookwetaɲɟiraecirwadecinoecasenɲigaomukambwe	ᵐbikujaᵐbaokukumabuɾuᶮɟombirikookwetaᵑɡirecrwadecnecaseɲeɡomokaᵐbe	0.28
/scratch/jliebl/ASR_ComputEL/CV_VC_Data/lg_cv/clips/common_voice_lg_24788745.mp3	jakolaganabuluːɲɟinabakuleːmbezeabalala	jakolaganabuluɲɟinabakulembezeabalala	jakolaganabuluɲɟinabakulembezeabalala	jakolaɡanabuluŋɟinabakulembezabalalam	0.10810810810810811
/scratch/jliebl/ASR_ComputEL/CV_VC_Data/lg_cv/clips/common_voice_lg_24700140.mp3	twaːlaebiwataebjoːmuciraːloobiweeːnte	twalaebiwataebjomuciraloobiweente	twalaebiwataebjomuciraloobiweente	twadebiatejomiciraloviwende	0.30303030303030304
/scratch/jliebl/ASR_ComputEL/CV_VC_Data/lg_cv/clips/common_voice_lg_28006500.mp3	gavamulukokola	gavamulukokola	gavamulukokola	ɡavamulikokola	0.14285714285714285
/scratch/jliebl/ASR_ComputEL/CV_VC_Data/lg_cv/clips/common_voice_lg_28105964.mp3	okukubirizaabajiːjizwaːokulowoːzakubizibuebibakeːjerezaemːeːmebeːzuːlireeːŋgoːmbololanːalwaːbweː	okukubirizaabajijizwaokulowozakubizibuebibakejerezaememebezulireeŋgombololanalwabwe	okukubirizaabajijizwaokulowozakubizibuebibakejerezaememebezulireeŋgombololanalwabwe	okkupeɟizabajijiswaoklowozakobiziweibakejeledememebezudileᵑɡoᵐbouranarwaabe	0.3132530120481928
/scratch/jliebl/ASR_ComputEL/CV_VC_Data/lg_cv/clips/common_voice_lg_26806303.mp3	abasuːmbababuːliriraeːɲɟiri	abasumbababuliriraeɲɟiri	abasumbababuliriraeɲɟiri	abasumbababuɾiɾiɾahenjiɾi	0.2916666666666667
/scratch/jliebl/ASR_ComputEL/CV_VC_Data/lg_cv/clips/common_voice_lg_28152763.mp3	erinɲacisiːmwaːmubuɟːuvuliriecisiːmwaːomujiseomutwaːlibwaːtasiːma	erinɲacisimwamubuɟuvuliriecisimwaomujiseomutwalibwatasima	erinɲacisimwamubuɟuvuliriecisimwaomujiseomutwalibwatasima	ɾijaksiemambuɡibuliɾieɡisimakumujiseumutwaɾiwadasima	0.3684210526315789
/scratch/jliebl/ASR_ComputEL/CV_VC_Data/lg_cv/clips/common_voice_lg_28134666.mp3	bempuliraboːgeraedːagalabalirabamumateːkanajenzendowoːzantiecizibucinocisiːŋgako	bempulirabogeraedagalabalirabamumatekanajenzendowozantiecizibucinocisiŋgako	bempulirabogeraedagalabalirabamumatekanajenzendowozantiecizibucinocisiŋgako	bempuɾidabooɡeɾahedaɡalabaɾiɾabamumatekanajenziŋambaekiziɡucinokisiŋɡako	0.30666666666666664
/scratch/jliebl/ASR_ComputEL/CV_VC_Data/lg_cv/clips/common_voice_lg_27640864.mp3	omukubasaɟːajaliatidːeeraŋgaajagalakubivaːmu	omukubasaɟajaliatideeraŋgaajagalakubivamu	omukubasaɟajaliatideeraŋgaajagalakubivamu	omukubasaɡiejaɾjatideiɾaŋaajaɡaɾakubivanu	0.2682926829268293
/scratch/jliebl/ASR_ComputEL/CV_VC_Data/lg_cv/clips/common_voice_lg_27601669.mp3	ebituːnduebjeːnsoɲikumubirimulimuebisaːmbiamabeːrenecifuba	ebitunduebjensoɲikumubirimulimuebisambiamaberenecifuba	ebitunduebjensoɲikumubirimulimuebisambiamaberenecifuba	ebitundwebilsoɲikomobiɾimuɾimojebisambiamabejɾeɲakisuba	0.2962962962962963
/scratch/jliebl/ASR_ComputEL/CV_VC_Data/lg_cv/clips/common_voice_lg_24940074.mp3	gavumeːntijakcirizːaokweːwolaobukadːeceːndaokuvamuchinaobuneːjaːmbisibwaːmukuziːmbaeːŋguːdo	gavumentijakcirizaokwewolaobukadecendaokuvamuchinaobunejambisibwamukuzimbaeŋgudo	gavumentijakcirizaokwewolaobukadecendaokuvamuchinaobunejambisibwamukuzimbaeŋgudo	ɡafmetijakilizaokweolubukadeceⁿdaokvamcenaobunejaᵐbisibamkuziᵐbeŋodo	0.2625
/scratch/jliebl/ASR_ComputEL/CV_VC_Data/lg_cv/clips/common_voice_lg_28113389.mp3	abasawobokusːomerobajaːmbaokuɟːaːɲɟabaabajiziabalwaːdːe	abasawobokusomerobajambaokuɟaɲɟabaabajiziabalwade	abasawobokusomerobajambaokuɟaɲɟabaabajiziabalwade	abasawobokusomeɾobajambookuɟjaᶮɟabaabaizabaɾwade	0.14285714285714285
/scratch/jliebl/ASR_ComputEL/CV_VC_Data/lg_cv/clips/common_voice_lg_28007946.mp3	janonoːzaːŋgabulikagaːmbonejeːsoːnsakubulikasoːŋgaeraatːirekoabaːntu	janonozaŋgabulikagambonejesonsakubulikasoŋgaeraatirekoabantu	janonozaŋgabulikagambonejesonsakubulikasoŋgaeraatirekoabantu	janonoozaᵑabuɾikaɡaᵐbonejesonsakobuɾikasoᵑɡaeɾaatiɾekoabanto	0.21666666666666667
/scratch/jliebl/ASR_ComputEL/CV_VC_Data/lg_cv/clips/common_voice_lg_23830046.mp3	eːndwaːdːezizːezibeːrawomunsinajebaːmbiobulwaːdːebunobutːabubi	endwadezizeziberawomunsinajebambiobulwadebunobutabubi	endwadezizeziberawomunsinajebambiobulwadebunobutabubi	endwadezizizibeɾawamunsinejbambejoɡbɔdebunobutaɡwubi	0.2641509433962264
/scratch/jliebl/ASR_ComputEL/CV_VC_Data/lg_cv/clips/common_voice_lg_28175453.mp3	ɟiwaːndiːkemululimiolusicirizaateŋgalwaːŋguokutegeːra	ɟiwandikemululimiolusicirizaateŋgalwaŋguokutegera	ɟiwandikemululimiolusicirizaateŋgalwaŋguokutegera	jiwaⁿdikemudimijoluskrizateŋadoaŋruokteɡera	0.32653061224489793
/scratch/jliebl/ASR_ComputEL/CV_VC_Data/lg_cv/clips/common_voice_lg_28159079.mp3	omulegajemusaɟːaatazadːe	omulegajemusaɟaatazade	omulegajemusaɟaatazade	umuɾeɡajemusaɡiatazabde	0.2727272727272727
/scratch/jliebl/ASR_ComputEL/CV_VC_Data/lg_cv/clips/common_voice_lg_28092704.mp3	onooluːnweːalusoːnzemubatwaːlaebjokweːriːndaokusibawoeːndoːliːtokutːakalino	onoolunwealusonzemubatwalaebjokwerindaokusibawoendolitokutakalino	onoolunwealusonzemubatwalaebjokwerindaokusibawoendolitokutakalino	onolunoalusanzemuvatwalebijokweliⁿdooksibaweⁿdeolitiokutakalino	0.23076923076923078
/scratch/jliebl/ASR_ComputEL/CV_VC_Data/lg_cv/clips/common_voice_lg_27783483.mp3	aniaduːmiratːiːmujaugaːndaejomupiːraogwebigere	aniadumiratimujaugandaejomupiraogwebigere	aniadumiratimujaugandaejomupiraogwebigere	aniadumiɾatimjajuɡaⁿdaejoᵑɡpieoweliɡere	0.2926829268292683
/scratch/jliebl/ASR_ComputEL/CV_VC_Data/lg_cv/clips/common_voice_lg_28109696.mp3	kumuleːmbegwaːsːekabakaɟːuːɲɟuabagaːndabaːljaːŋganɲoenɲama	kumulembegwasekabakaɟuɲɟuabagandabaljaŋganɲoenɲama	kumulembegwasekabakaɟuɲɟuabagandabaljaŋganɲoenɲama	kumlembeɡwasekabakajunɟuabaɡandabajaŋaɲiejana	0.24
/scratch/jliebl/ASR_ComputEL/CV_VC_Data/lg_cv/clips/common_voice_lg_25465861.mp3	ecitoːŋgoleciriːsizːaebjaːloebitakːawaːnsiwamunaːna	ecitoŋgolecirisizaebjaloebitakawansiwamunana	ecitoŋgolecirisizaebjaloebitakawansiwamunana	ecitoᵑɡoɾeciɾisizaebjaɾebitakawansiwamunana	0.13636363636363635
/scratch/jliebl/ASR_ComputEL/CV_VC_Data/lg_cv/clips/common_voice_lg_24493310.mp3	kubajizibonːaabajisewanoŋgabataːmbulandabjeːmuomujekːaajinaeːmpisa	kubajizibonaabajisewanoŋgabatambulandabjemuomujekaajinaempisa	kubajizibonaabajisewanoŋgabatambulandabjemuomujekaajinaempisa	kubaizibonabajisewanoŋabatambulandabijemomujekaajnempissa	0.13114754098360656
/scratch/jliebl/ASR_ComputEL/CV_VC_Data/lg_cv/clips/common_voice_lg_27957416.mp3	okusiːŋgawaliwoeːŋgeribːirienːuːɲɟi	okusiŋgawaliwoeŋgeribirienuɲɟi	okusiŋgawaliwoeŋgeribirienuɲɟi	okuseᵑabariwoeᵑɡidibilienloᶮɟe	0.4666666666666667
/scratch/jliebl/ASR_ComputEL/CV_VC_Data/lg_cv/clips/common_voice_lg_25939038.mp3	tejatuːcirizːabweːjamuobuwaːndiːke	tejatucirizabwejamuobuwandike	tejatucirizabwejamuobuwandike	daatuokiɾizabwejamuobuwaⁿdike	0.2413793103448276
/scratch/jliebl/ASR_ComputEL/CV_VC_Data/lg_cv/clips/common_voice_lg_28241355.mp3	omugatːegwamasiːndiːcirizaagakolakumbeːrajobulamubwabaːntu	omugategwamasindicirizaagakolakumberajobulamubwabantu	omugategwamasindicirizaagakolakumberajobulamubwabantu	omuɡateɡwamastindikirizaaɡakolakuombeɾajubulamwabantu	0.18867924528301888
/scratch/jliebl/ASR_ComputEL/CV_VC_Data/lg_cv/clips/common_voice_lg_27853978.mp3	akakunizoakalikokaːlikasːeːnte	akakunizoakalikokalikasente	akakunizoakalikokalikasente	kunizakaɾikokaɾikasente	0.2222222222222222
/scratch/jliebl/ASR_ComputEL/CV_VC_Data/lg_cv/clips/common_voice_lg_28165494.mp3	soːkaolekeokweːtaːntalaokubaːkocowaːndiːkaŋgatonːamalakutegeːransoːŋga	sokaolekeokwetantalaokubakocowandikaŋgatonamalakutegeransoŋga	sokaolekeokwetantalaokubakocowandikaŋgatonamalakutegeransoŋga	sokodekokwetaantalokubakocowaⁿdikaᵑɡatonamarakteɡiransoᵑɡa	0.22950819672131148
/scratch/jliebl/ASR_ComputEL/CV_VC_Data/lg_cv/clips/common_voice_lg_27968482.mp3	jonejitbwaːkalegeja	jonejitbwakalegeja	jonejitbwakalegeja	jonecibakaɾiɡia	0.4444444444444444
/scratch/jliebl/ASR_ComputEL/CV_VC_Data/lg_cv/clips/common_voice_lg_26852434.mp3	buliomualinaedːeːmbeokusoma	buliomualinaedembeokusoma	buliomualinaedembeokusoma	burjɑɡmwarinedemboksɔmɑ	0.44
/scratch/jliebl/ASR_ComputEL/CV_VC_Data/lg_cv/clips/common_voice_lg_27369832.mp3	eːɲciːkozaːlimubifobitaːnookweːtoːloːlaegːwaːŋga	eɲcikozalimubifobitanookwetololaegwaŋga	eɲcikozalimubifobitanookwetololaegwaŋga	enɟikozaɾimuɡifoɡitanookwjituululaekwaᵑwa	0.3333333333333333
/scratch/jliebl/ASR_ComputEL/CV_VC_Data/lg_cv/clips/common_voice_lg_25415028.mp3	abaːnabasomabuluːɲɟimumbeːrajesːomeroewaemireːmbe	abanabasomabuluɲɟimumberajesomeroewaemirembe	abanabasomabuluɲɟimumberajesomeroewaemirembe	abanabasomaɡluᶮɟemoᵐbeɾajisoneroewojmireᵐbe	0.2727272727272727
/scratch/jliebl/ASR_ComputEL/CV_VC_Data/lg_cv/clips/common_voice_lg_27401315.mp3	abameɲibamateːkabasibidːwaː	abameɲibamatekabasibidwa	abameɲibamatekabasibidwa	ababeɲibamatekabasibiddwa	0.08333333333333333
/scratch/jliebl/ASR_ComputEL/CV_VC_Data/lg_cv/clips/common_voice_lg_27719767.mp3	eːmpisoekolaetjaː	empisoekolaetja	empisoekolaetja	imbisɔikolaetia	0.3333333333333333
/scratch/jliebl/ASR_ComputEL/CV_VC_Data/lg_cv/clips/common_voice_lg_28182903.mp3	okunoːɲerezakwataːndikawiːciewedːe	okunoɲerezakwatandikawiciewede	okunoɲerezakwatandikawiciewede	okmoɲebeɡakwatandikawikewedi	0.23333333333333334
/scratch/jliebl/ASR_ComputEL/CV_VC_Data/lg_cv/clips/common_voice_lg_27730863.mp3	twaːsalawotunoːɲeebiwaːndiːkoebjaːlikoeːnsobi	twasalawotunoɲeebiwandikoebjalikoensobi	twasalawotunoɲeebiwandikoebjalikoensobi	twasarawotunoɲeebiwaⁿdikoebialikoensobi	0.07692307692307693
/scratch/jliebl/ASR_ComputEL/CV_VC_Data/lg_cv/clips/common_voice_lg_28233710.mp3	abaːntubaːɲɟibaːjiːɲɟizidːwaːmumaɟe	abantubaɲɟibajiɲɟizidwamumaɟe	abantubaɲɟibajiɲɟizidwamumaɟe	abantubanɟbaiŋizidwamumaɟie	0.20689655172413793
/scratch/jliebl/ASR_ComputEL/CV_VC_Data/lg_cv/clips/common_voice_lg_23756775.mp3	omujiːmbiwafːeowerinɲajalaːɟaɲeŋgecisaːwebacisibjeːŋgatanːadːa	omujimbiwafeowerinɲajalaɟaɲeŋgecisawebacisibjeŋgatanada	omujimbiwafeowerinɲajalaɟaɲeŋgecisawebacisibjeŋgatanada	omiᵐbiwafowediɲeraɟaɲeŋɡecsawewacisibieŋɡatannada	0.2909090909090909
/scratch/jliebl/ASR_ComputEL/CV_VC_Data/lg_cv/clips/common_voice_lg_28043414.mp3	omusaːjiogwaːlikubisogwaːfuːlaamazːiamaːmjuːfu	omusajiogwalikubisogwafulaamaziamamjufu	omusajiogwalikubisogwafulaamaziamamjufu	omusajoɡwadekubisoɾɡwafolamaziamamjuf	0.23076923076923078
/scratch/jliebl/ASR_ComputEL/CV_VC_Data/lg_cv/clips/common_voice_lg_24754505.mp3	tetulinakukuːŋgaːniramumasiːnzizokulunakuluno	tetulinakukuŋganiramumasinzizokulunakuluno	tetulinakukuŋganiramumasinzizokulunakuluno	tatuɾinakukumwaniɾamumasinzizokuɾunakuɾulno	0.19047619047619047
/scratch/jliebl/ASR_ComputEL/CV_VC_Data/lg_cv/clips/common_voice_lg_27875634.mp3	ecibiːnaecifugacecirimubujiːnza	ecibinaecifugacecirimubujinza	ecibinaecifugacecirimubujinza	becbinekifuɡakijekiɾimobujinza	0.3793103448275862
/scratch/jliebl/ASR_ComputEL/CV_VC_Data/lg_cv/clips/common_voice_lg_28194951.mp3	olubugoolusibwaːlubugalweːbajitaolweːraːŋgo	olubugoolusibwalubugalwebajitaolweraŋgo	olubugoolusibwalubugalwebajitaolweraŋgo	olbuɡoolsipwalubuɡadwebajitaolweraŋgwo	0.1794871794871795
/scratch/jliebl/ASR_ComputEL/CV_VC_Data/lg_cv/clips/common_voice_lg_27787510.mp3	erijobaːmbiabavubukaabalinaeːndowoːzaegaːmbantiokwaːmbalaeːŋgojeezebːeːjilwosobolaokulabikaobuluːɲɟi	erijobambiabavubukaabalinaendowozaegambantiokwambalaeŋgojeezebejilwosobolaokulabikaobuluɲɟi	erijobambiabavubukaabalinaendowozaegambantiokwambalaeŋgojeezebejilwosobolaokulabikaobuluɲɟi	eɾijobambjabavukaabalineⁿdohodeɡamasbeuwambaliwezebejeosobulokuɾaɾikobnuji	0.38461538461538464
/scratch/jliebl/ASR_ComputEL/CV_VC_Data/lg_cv/clips/common_voice_lg_28061675.mp3	waliwoebiteːberezobjotasobodːekuzuːla	waliwoebiteberezobjotasobodekuzula	waliwoebiteberezobjotasobodekuzula	vɐluibitevelezopjortesumɔrdekuzumlɑ	0.5
/scratch/jliebl/ASR_ComputEL/CV_VC_Data/lg_cv/clips/common_voice_lg_28234759.mp3	abajiziabalinaobulemubaːgaːmbabalinajoebisoːmoːza	abajiziabalinaobulemubagambabalinajoebisomoza	abajiziabalinaobulemubagambabalinajoebisomoza	abajiziabaɾjinobuɾemubaɡambabalinajoebisomoza	0.1111111111111111
/scratch/jliebl/ASR_ComputEL/CV_VC_Data/lg_cv/clips/common_voice_lg_28155728.mp3	waliwonetːoːkeerijitibwaːnːacinɲika	waliwonetokeerijitibwanacinɲika	waliwonetokeerijitibwanacinɲika	wadjonetokeɾijikiwanaciɲika	0.25806451612903225
/scratch/jliebl/ASR_ComputEL/CV_VC_Data/lg_cv/clips/common_voice_lg_25434350.mp3	baːkakasizːaabatuːzentibaːndiziːmbanajikoːndoeːndalamucituːndu	bakakasizaabatuzentibandizimbanajikondoendalamucitundu	bakakasizaabatuzentibandizimbanajikondoendalamucitundu	bakakasizabatuzentibandizimbanaikondendaɾamocitundu	0.09259259259259259
/scratch/jliebl/ASR_ComputEL/CV_VC_Data/lg_cv/clips/common_voice_lg_24456384.mp3	ebigaːmbojogerabitono	ebigambojogerabitono	ebigambojogerabitono	ibiɡambojɑɡeɾabitono	0.25
/scratch/jliebl/ASR_ComputEL/CV_VC_Data/lg_cv/clips/common_voice_lg_28008962.mp3	akawetakateːkeawokumːeːza	akawetakatekeawokumeza	akawetakatekeawokumeza	akawetakatekaokuneza	0.13636363636363635
/scratch/jliebl/ASR_ComputEL/CV_VC_Data/lg_cv/clips/common_voice_lg_27518087.mp3	webuːzekubanːamateːkaokweːwalaokumeɲaamateːka	webuzekubanamatekaokwewalaokumeɲaamateka	webuzekubanamatekaokwewalaokumeɲaamateka	webuzekubanamatiekaukwiwaɾokumeɲamateɡa	0.175
/scratch/jliebl/ASR_ComputEL/CV_VC_Data/lg_cv/clips/common_voice_lg_27828997.mp3	eːɲɟujizoːmbizirinaokweːwaecitiːbwaːerawabeːwoobweːŋkaɲa	eɲɟujizombizirinaokwewaecitibwaerawabewoobweŋkaɲa	eɲɟujizombizirinaokwewaecitibwaerawabewoobweŋkaɲa	penɟujizoᵐbiziɾinokwewectibwaeɾawabewowenkaɲa	0.22448979591836735
/scratch/jliebl/ASR_ComputEL/CV_VC_Data/lg_cv/clips/common_voice_lg_27832131.mp3	ecitoːŋgolecitegeseoluciːkolwabakulubamasomerogapulajimalegonːa	ecitoŋgolecitegeseolucikolwabakulubamasomerogapulajimalegona	ecitoŋgolecitegeseolucikolwabakulubamasomerogapulajimalegona	ektoᵑɡoɾeciteɡeseoɾucivikolwabakuwamasomeɾoɡakodaimariɡonna	0.36666666666666664
/scratch/jliebl/ASR_ComputEL/CV_VC_Data/lg_cv/clips/common_voice_lg_28141300.mp3	eːnteːkateːkajebisomesebwaːmumasomeroganːasːale	entekatekajebisomesebwamumasomeroganasale	entekatekajebisomesebwamumasomeroganasale	entekatekaejeŋsummesebamumasomejoɡanasadi	0.24390243902439024
/scratch/jliebl/ASR_ComputEL/CV_VC_Data/lg_cv/clips/common_voice_lg_27883773.mp3	twaːkaːndakuliːndamuliːndwaːŋgatatuːkampozːiŋgeːŋkubaemugaːɲiokutuːkamubudːe	twakandakulindamulindwaŋgatatukampoziŋgeŋkubaemugaɲiokutukamubude	twakandakulindamulindwaŋgatatukampoziŋgeŋkubaemugaɲiokutukamubude	twakandakuɾindamuɾindwaŋatatukampoziŋeŋkubaemuɡaɲoktukamobutje	0.15384615384615385
/scratch/jliebl/ASR_ComputEL/CV_VC_Data/lg_cv/clips/common_voice_lg_28189936.mp3	bwatjoːbwagobjeːabasuːbuzimucifocino	bwatjobwagobjeabasubuzimucifocino	bwatjobwagobjeabasubuzimucifocino	bwatjobwaɡobiabasubuzimokifokino	0.18181818181818182
/scratch/jliebl/ASR_ComputEL/CV_VC_Data/lg_cv/clips/common_voice_lg_24785324.mp3	aboabakuːmadːeːmbetebamaɲimateːka	aboabakumadembetebamaɲimateka	aboabakumadembetebamaɲimateka	ababakumadembetebamaimateeka	0.10344827586206896
/scratch/jliebl/ASR_ComputEL/CV_VC_Data/lg_cv/clips/common_voice_lg_28250737.mp3	omupiːragweːmuzanɲoogusiːŋgaokugobererwaːmuugaːnda	omupiragwemuzanɲoogusiŋgaokugobererwamuuganda	omupiragwemuzanɲoogusiŋgaokugobererwamuuganda	omupiɾaɡwemzaɲooɡusiŋokoɡobeɾewamujuɡanda	0.28888888888888886
/scratch/jliebl/ASR_ComputEL/CV_VC_Data/lg_cv/clips/common_voice_lg_28181453.mp3	olumuweːwuliraŋgasijegːweːkenɲinimuciseːraeco	olumuwewuliraŋgasijegwekenɲinimuciseraeco	olumuwewuliraŋgasijegwekenɲinimuciseraeco	olumowewuliɾaᵑasijeɡwekeɲninimosteleɟo	0.34146341463414637
/scratch/jliebl/ASR_ComputEL/CV_VC_Data/lg_cv/clips/common_voice_lg_25494870.mp3	abakuleːmbezebakubirizaabasaɟːaːbakolebagabirireabaːnabaːbweː	abakulembezebakubirizaabasaɟabakolebagabirireabanababwe	abakulembezebakubirizaabasaɟabakolebagabirireabanababwe	abakuɾembezebakubiɾizaabasaɡjabakolebaɡabiɾiɾeabanababwe	0.12727272727272726
/scratch/jliebl/ASR_ComputEL/CV_VC_Data/lg_cv/clips/common_voice_lg_27735878.mp3	ajagalaokweːzːaetːakaljaːbweːlinokweːbamazeeːmjaːkanebisiːbo	ajagalaokwezaetakaljabwelinokwebamazeemjakanebisibo	ajagalaokwezaetakaljabwelinokwebamazeemjakanebisibo	ajaɡalokweetakadjabwedinokwebamazemjakanebisibo	0.13725490196078433
/scratch/jliebl/ASR_ComputEL/CV_VC_Data/lg_cv/clips/common_voice_lg_24540767.mp3	obuɟːaːɲɟabibweːbaːmuwabwaːlibuluːɲɟinɲo	obuɟaɲɟabibwebamuwabwalibuluɲɟinɲo	obuɟaɲɟabibwebamuwabwalibuluɲɟinɲo	obuɡjaᶮɟabiwebamwabwadibulunɟio	0.2647058823529412
/scratch/jliebl/ASR_ComputEL/CV_VC_Data/lg_cv/clips/common_voice_lg_28086846.mp3	abeːŋgaːndabaːgalaomusaɟːaavunaːnibweːmumbugazamateːka	abeŋgandabagalaomusaɟaavunanibwemumbugazamateka	abeŋgandabagalaomusaɟaavunanibwemumbugazamateka	abiᵑɡaⁿdabaɡalomusaɡjavunaniwemumbuɡazamatika	0.23404255319148937
/scratch/jliebl/ASR_ComputEL/CV_VC_Data/lg_cv/clips/common_voice_lg_28222729.mp3	ŋgaoluguːdoluziːmbibwaːmukokaalinaokulowoːzebwaːko	ŋgaolugudoluzimbibwamukokaalinaokulowozebwako	ŋgaolugudoluzimbibwamukokaalinaokulowozebwako	ŋoɾɡudoluzimbibwamukokaɾinokulowozebwako	0.17777777777777778
/scratch/jliebl/ASR_ComputEL/CV_VC_Data/lg_cv/clips/common_voice_lg_28161886.mp3	okugːumizakuzibukwaːkusoːmsesabaːna	okugumizakuzibukwakusomsesabana	okugumizakuzibukwakusomsesabana	ukuŋumizatuzibukwankuxjomesabanu	0.25806451612903225
/scratch/jliebl/ASR_ComputEL/CV_VC_Data/lg_cv/clips/common_voice_lg_28218727.mp3	abajiːmbibaːɲɟibazːekumukolo	abajimbibaɲɟibazekumukolo	abajimbibaɲɟibazekumukolo	abahimbibaŋibazeinikoɾow	0.36
/scratch/jliebl/ASR_ComputEL/CV_VC_Data/lg_cv/clips/common_voice_lg_28185578.mp3	kumichwabugaːndaeːmpjaːkwesiːɲɟiradːalaokubalirwaːŋgakweːjataːndicira	kumichwabugandaempjakwesiɲɟiradalaokubalirwaŋgakwejatandicira	kumichwabugandaempjakwesiɲɟiradalaokubalirwaŋgakwejatandicira	kumicwabuɡaⁿdeempjakwesiŋiɾadalokubaɾiɾwaŋakwejatandikiɾa	0.21311475409836064
/scratch/jliebl/ASR_ComputEL/CV_VC_Data/lg_cv/clips/common_voice_lg_27843062.mp3	bugaːndawanoasobolakumaɲaŋgeronazimalajo	bugandawanoasobolakumaɲaŋgeronazimalajo	bugandawanoasobolakumaɲaŋgeronazimalajo	buɡaⁿdawanoasobolakumaɲaŋeɾonaɟumaɾajo	0.1794871794871795
/scratch/jliebl/ASR_ComputEL/CV_VC_Data/lg_cv/clips/common_voice_lg_27861145.mp3	akaciːkokaːteːsezːaebikabjetːakamugːwaːŋgabisigaleŋgabiribisatufreːholdacustomarineleaseholda	akacikokatesezaebikabjetakamugwaŋgabisigaleŋgabiribisatufreholdacustomarineleaseholda	akacikokatesezaebikabjetakamugwaŋgabisigaleŋgabiribisatufreholdacustomarineleaseholda	akacikokatesezaebikalbietakamuɡwaᵑɡabisiɡaleᵑabiliwisatofriholdkastomarnelisholdi	0.23529411764705882
/scratch/jliebl/ASR_ComputEL/CV_VC_Data/lg_cv/clips/common_voice_lg_24820679.mp3	abakuːŋguokuvamunsieːndalabuliɟːobaːnirizibwaː	abakuŋguokuvamunsiendalabuliɟobanirizibwa	abakuŋguokuvamunsiendalabuliɟobanirizibwa	abakuŋuokvamunsendaɾabuɾɟabaniɾizibua	0.21951219512195122
/scratch/jliebl/ASR_ComputEL/CV_VC_Data/lg_cv/clips/common_voice_lg_25490514.mp3	mubuliciːntuconːacokolaeːmbalirirajetaːɟisa	mubulicintuconacokolaembalirirajetaɟisa	mubulicintuconacokolaembalirirajetaɟisa	baburicinteconnacokolarenbajirajitaaɡisa	0.3333333333333333
/scratch/jliebl/ASR_ComputEL/CV_VC_Data/lg_cv/clips/common_voice_lg_28073040.mp3	akawalenakasulamueraneːŋkeːranakadːamu	akawalenakasulamueraneŋkeranakadamu	akawalenakasulamueraneŋkeranakadamu	akɑwɔlinakɑsulemuirɑniŋnkidanakɑdamb	0.37142857142857144
